350.71
 - 0, 60.5352
2788.71
 - 350.71, 0.964278
 - 0, 0.130356
2794.18
 - 0, 24.9998
3663.57
 - 2794.18, 0.0124999
 - 2788.71, 0.110713
 - 350.71, 0.17857
4684.47
 - 2794.18, 0.0214284
 - 350.71, 0.464282
 - 0, 0.0285712
4725.35
 - 2794.18, 17.2499
 - 350.71, 57.6781
 - 0, 0.146427
5689.81
 - 4725.35, 0.857136
 - 2794.18, 7.57137
 - 0, 6.16066
5992.56
 - 0, 0.696423
6761.11
 - 5992.56, 0.607138
 - 5689.81, 13.4999
 - 4725.35, 74.8208
 - 4684.47, 0.660709
 - 3663.57, 0.339283
 - 2794.18, 0.410711
 - 2788.71, 0.999992
 - 350.71, 0.517853
 - 0, 7.57137
