1572.37
 - 0, 32.4
1991.28
 - 0, 0.54
2347.78
 - 1991.28, 0.037
 - 1572.37, 17.2
 - 0, 51
2716.99
 - 2347.78, 0.02
 - 1572.37, 0.55
 - 0, 0.3
2938.65
 - 0, 0.89
3558.08
 - 2938.65, 0.041
 - 2347.78, 0.252
 - 1991.28, 0.47
 - 0, 0.085
3801.95
 - 2938.65, 0.034
 - 2716.99, 0.054
 - 2347.78, 0.45
 - 1572.37, 2.86
 - 0, 2.6
4105.6
 - 0, 0.048
4189.27
 - 3558.08, 0.059
 - 2938.65, 0.214
 - 2347.78, 2.14
 - 1572.37, 0.24
 - 0, 2.67
4477.6
 - 2716.99, 0.146
 - 1572.37, 0.14
4903.37
 - 3801.95, 0.033
 - 2938.65, 0.37
 - 2716.99, 4.7
 - 2347.78, 3.1
 - 1572.37, 7.6
 - 0, 4.12
4963.08
 - 3801.95, 0.055
 - 3558.08, 0.6
 - 2347.78, 1.09
 - 1991.28, 0.18
 - 1572.37, 5.7
 - 0, 2.35
5604.43
 P 0, 1
5752.5
 - 0, 0.018
6018.8
 - 0, 0.02
6078.48
 - 2938.65, 0.078
 - 0, 0.35
6293.93
 - 0, 0.065
6354.89
 - 0, 0.046
6419.9
 - 0, 0.016
6629.43
 - 0, 0.03
6761
 - 0, 0.019
6986.1
 - 6629.43, 0.037
 - 6354.89, 0.059
 - 6293.93, 0.133
 - 6078.48, 0.56
 - 4963.08, 9.7
 - 4903.37, 15.4
 - 4477.6, 0.38
 - 4189.27, 5
 - 3801.95, 5.9
 - 2716.99, 0.34
 - 2347.78, 53
 - 0, 0.036
 U 5604.43, 0.024
