16.6
 P 0, 1
36.3
 P 0, 1
138.7
 P 0, 1
167.3
 - 0, 74.028
516.1
 - 167.3, 6.138
 - 0, 23.529
650.3
 P 0, 1
1034.7
 - 167.3, 1.023
1182.1
 P 0, 1
1353.9
 - 516.1, 8.928
 - 167.3, 48.546
 - 0, 2.139
2398.1
 - 1353.9, 5.58
 - 516.1, 1.302
 - 167.3, 0.2697
2440.4
 P 0, 1
2693
 P 0, 1
2733.4
 - 167.3, 2.604
2948.7
 - 516.1, 0.7812
 - 167.3, 1.581
3009.6
 - 167.3, 0.8184
3111.4
 - 0, 0.372
3278.7
 - 167.3, 0.372
3326.8
 - 1353.9, 0.5022
 - 1034.7, 0.186
 - 516.1, 5.487
3430.7
 P 0, 1
3564.9
 - 0, 0.1209
3573
 - 167.3, 0.0744
3702.9
 - 1034.7, 0.4743
3732
 - 167.3, 0.1209
3968.2
 - 1353.9, 2.697
 - 516.1, 1.86
4270
 - 167.3, 0.279
6098.9
 - 4270, 0.93
 - 3968.2, 4.092
 U 3430.7, 0.4743
 - 3326.8, 7.998
 - 3009.6, 1.023
 - 2948.7, 3.72
 - 2733.4, 3.906
 U 2693, 0.0744
 - 2398.1, 9.114
 - 1353.9, 51.15
 - 1034.7, 0.2418
 - 516.1, 10.788
 U 2440.4, 0.2325
 U 1182.1, 0.0651
 U 650.3, 0.0465
 U 138.7, 0.0093
 U 36.3, 0.0372
 U 16.6, 0.0186
 - 0, 0.0279
