1156.93
 - 0, 96.97
1883.4
 - 1156.93, 0.4
2283.06
 - 1156.93, 54.12
2656.4
 - 1156.93, 5.46
 - 0, 0.72
3044.33
 - 2283.06, 6.51
 - 1156.93, 5.74
3214.84
 P 0, 1
3285.04
 - 2283.06, 6.59
3301.5
 - 1156.93, 1.75
 - 0, 0.7
3307.55
 - 2656.4, 1.89
 - 2283.06, 1.99
 - 1156.93, 6.44
3357.21
 - 2283.06, 11.13
 - 1156.93, 1.62
3419.54
 P 0, 1
3676.2
 - 3307.55, 0.53
 - 3301.5, 0.11
 - 2656.4, 0.38
 - 1156.93, 1.78
3711.85
 - 3307.55, 4.53
 - 2283.06, 2
3776.3
 - 1156.93, 1.46
3884.24
 P 0, 1
3913.74
 - 3285.04, 2.46
 - 3044.33, 2.45
3922.66
 - 3285.04, 1.6
 - 3044.33, 1.45
 - 2283.06, 0.73
4011.3
 - 3711.85, 0.11
4050.74
 P 0, 1
4092.11
 - 3285.04, 1.41
 - 2283.06, 0.68
4150.84
 P 0, 1
4168.04
 P 0, 1
4195.7
 - 1156.93, 2.02
4262.94
 P 0, 1
4358.2
 - 3307.55, 0.62
 - 1156.93, 0.33
4399.1
 - 1156.93, 0.56
4479.8
 - 1156.93, 0.63
4539.84
 P 0, 1
4564.81
 - 3913.74, 1.89
 - 2283.06, 0.45
 - 0, 0.44
4584.04
 - 3307.55, 0.18
 - 3044.33, 0.77
 - 2283.06, 0.79
 - 1156.93, 1.96
4651
 - 2656.4, 0.76
 - 0, 1.09
4690
 - 1156.93, 0.75
4738.04
 P 0, 1
4779.34
 P 0, 1
4803.5
 - 1156.93, 0.56
4832.84
 P 0, 1
4883.04
 P 0, 1
4904.5
 - 2656.4, 0.52
 - 1156.93, 0.82
4933.84
 P 0, 1
4944.74
 P 0, 1
4980.44
 P 0, 1
5005.6
 - 3913.74, 0.16
 - 3357.21, 1.65
 - 2283.06, 2.38
 - 1156.93, 0.29
5026.84
 P 0, 1
5060.44
 P 0, 1
5096.8
 - 3913.74, 0.62
5130.1
 - 3357.21, 0.65
 - 2283.06, 1.93
 - 1156.93, 1.61
5230.3
 - 3357.21, 2.91
 - 3044.33, 0.27
 - 2283.06, 3.92
5289.2
 - 2283.06, 1.14
5300.4
 - 3711.85, 0.53
5342.1
 - 1156.93, 0.13
5374.9
 - 1156.93, 0.69
5396.24
 P 0, 1
5408.24
 P 0, 1
5441.64
 P 0, 1
5458.8
 - 2283.06, 0.44
 - 1156.93, 0.22
5501.84
 P 0, 1
5548.8
 - 3676.2, 2.91
 - 2656.4, 0.34
 - 2283.06, 0.54
 - 1156.93, 0.39
5572.94
 P 0, 1
5593.34
 P 0, 1
5659.04
 P 0, 1
5733.3
 - 4092.11, 0.73
 - 3357.21, 0.29
 - 3044.33, 0.37
 - 2283.06, 1.74
5775.6
 - 3676.2, 0.53
 - 3301.5, 0.27
 - 3044.33, 0.36
 - 2656.4, 0.14
 - 2283.06, 1.09
 - 1156.93, 0.4
5815.84
 P 0, 1
5827.34
 P 0, 1
5849.94
 P 0, 1
5866.3
 - 4092.11, 0.65
 - 3357.21, 0.15
 - 2283.06, 0.65
5891.84
 P 0, 1
5907.64
 P 0, 1
5935.54
 P 0, 1
5971.24
 P 0, 1
5995.54
 P 0, 1
6012.24
 P 0, 1
6039.9
 - 3357.21, 0.24
6063.14
 P 0, 1
6092.44
 P 0, 1
6124.64
 P 0, 1
6146.1
 - 4092.11, 0.57
 - 2283.06, 0.66
 - 0, 0.05
6156.94
 P 0, 1
6211.3
 - 3913.74, 0.2
6226.04
 P 0, 1
6240.94
 P 0, 1
6259.44
 P 0, 1
6281.74
 P 0, 1
6323.44
 P 0, 1
6355.94
 P 0, 1
6383.24
 P 0, 1
6415.44
 P 0, 1
6452.94
 P 0, 1
6493.24
 P 0, 1
6506.44
 P 0, 1
6532.44
 P 0, 1
6553.94
 P 0, 1
6577.24
 P 0, 1
6600.64
 P 0, 1
6632.14
 P 0, 1
6643.14
 P 0, 1
6672.9
 - 4584.04, 0.87
 - 3776.3, 0.16
 - 3044.33, 0.3
6695.24
 P 0, 1
6754.74
 P 0, 1
6786.14
 P 0, 1
6813.44
 P 0, 1
6854.74
 P 0, 1
6866.84
 P 0, 1
6922.44
 P 0, 1
6962.74
 P 0, 1
6981.54
 P 0, 1
7000.44
 P 0, 1
7056.14
 P 0, 1
7105.64
 P 0, 1
7174.24
 P 0, 1
7208.34
 P 0, 1
7228.14
 P 0, 1
7239.24
 P 0, 1
7261.54
 P 0, 1
7304.74
 P 0, 1
7323.04
 P 0, 1
7374.94
 P 0, 1
7407.94
 P 0, 1
7419.24
 P 0, 1
7458.74
 P 0, 1
7470.14
 P 0, 1
7509.34
 P 0, 1
7566.24
 P 0, 1
7586.44
 P 0, 1
7622.64
 P 0, 1
7664.54
 P 0, 1
7735.64
 P 0, 1
7763.84
 P 0, 1
7776.64
 P 0, 1
7796.04
 P 0, 1
7819.14
 P 0, 1
7872.34
 P 0, 1
7897.04
 P 0, 1
7912.04
 P 0, 1
7927.84
 P 0, 1
7981.74
 P 0, 1
8016.04
 P 0, 1
8030.74
 P 0, 1
8078.94
 P 0, 1
8136.44
 P 0, 1
8161.84
 P 0, 1
8269.54
 P 0, 1
8316.54
 P 0, 1
8345.34
 P 0, 1
8385.14
 P 0, 1
8518.64
 P 0, 1
8549.54
 P 0, 1
8581.64
 P 0, 1
8663.64
 P 0, 1
8684.14
 P 0, 1
8715.94
 P 0, 1
8788.14
 P 0, 1
8838.44
 P 0, 1
8952.74
 P 0, 1
9147.74
 P 0, 1
9218.64
 P 0, 1
9230.34
 P 0, 1
9401.74
 P 0, 1
9472.84
 P 0, 1
9508.04
 P 0, 1
9554.04
 P 0, 1
9587.74
 P 0, 1
9689.14
 P 0, 1
9816.94
 P 0, 1
9848.34
 P 0, 1
9865.14
 P 0, 1
11131.5
 - 6672.9, 1.9
 - 6211.3, 0.9
 - 6146.1, 1.12
 - 6039.9, 0.4
 - 5866.3, 1.19
 - 5775.6, 2.88
 - 5733.3, 3.75
 - 5548.8, 0.99
 - 5458.8, 0.5
 - 5374.9, 0.85
 - 5342.1, 0.35
 - 5300.4, 1
 - 5289.2, 1.17
 - 5230.3, 6.97
 - 5130.1, 3.39
 - 5096.8, 1.18
 - 5005.6, 3.72
 - 4904.5, 0.84
 - 4803.5, 0.59
 - 4690, 0.39
 - 4651, 2.3
 - 4584.04, 2.36
 - 4564.81, 0.56
 - 4479.8, 0.42
 - 4399.1, 0.14
 - 4358.2, 0.75
 - 4195.7, 0.88
 - 4011.3, 0.08
 - 3922.66, 1.55
 - 3776.3, 0.49
 - 3711.85, 0.74
 - 3676.2, 0.08
 - 3357.21, 3.04
 - 3307.55, 0.17
 - 3301.5, 0.6
 - 3044.33, 0.67
 - 2656.4, 0.07
 - 2283.06, 0.37
 - 1156.93, 0.11
 U 9865.14, 0.33
 U 9848.34, 0.14
 U 9816.94, 0.19
 U 9689.14, 0.13
 U 9587.74, 0.15
 U 9554.04, 0.39
 U 9508.04, 0.33
 U 9472.84, 0.99
 U 9401.74, 0.85
 U 9230.34, 0.16
 U 9218.64, 0.41
 U 9147.74, 0.48
 U 8952.74, 0.29
 U 8838.44, 0.24
 U 8788.14, 0.11
 U 8715.94, 0.17
 U 8684.14, 0.19
 U 8663.64, 0.18
 U 8581.64, 0.31
 U 8549.54, 0.19
 U 8518.64, 0.58
 U 8385.14, 0.23
 U 8345.34, 0.13
 U 8316.54, 0.33
 U 8269.54, 0.14
 U 8161.84, 0.1
 U 8136.44, 0.13
 U 8078.94, 0.45
 U 8030.74, 0.11
 U 8030.74, 0.22
 U 8016.04, 0.2
 U 7981.74, 0.23
 U 7981.74, 0.23
 U 7927.84, 0.56
 U 7912.04, 0.13
 U 7897.04, 0.33
 U 7872.34, 0.31
 U 7819.14, 0.17
 U 7796.04, 0.16
 U 7776.64, 0.31
 U 7763.84, 0.47
 U 7735.64, 0.13
 U 7664.54, 0.13
 U 7622.64, 0.37
 U 7622.64, 0.27
 U 7586.44, 0.14
 U 7566.24, 0.27
 U 7509.34, 0.78
 U 7470.14, 0.22
 U 7458.74, 0.4
 U 7419.24, 0.1
 U 7419.24, 0.07
 U 7407.94, 0.24
 U 7374.94, 0.2
 U 7323.04, 0.48
 U 7304.74, 0.16
 U 7261.54, 0.41
 U 7261.54, 0.17
 U 7239.24, 0.27
 U 7228.14, 0.58
 U 7208.34, 0.21
 U 7174.24, 0.52
 U 7105.64, 0.38
 U 7105.64, 0.58
 U 7056.14, 0.14
 U 7000.44, 0.19
 U 6981.54, 0.29
 U 6962.74, 0.53
 U 6922.44, 1.1
 U 6866.84, 0.44
 U 6854.74, 0.18
 U 6854.74, 0.22
 U 6813.44, 0.22
 U 6786.14, 0.12
 U 6754.74, 0.16
 U 6754.74, 0.39
 U 6695.24, 0.47
 - 6672.9, 0.54
 U 6643.14, 0.05
 U 6632.14, 0.16
 U 6632.14, 0.23
 U 6600.64, 0.12
 U 6577.24, 0.39
 U 6553.94, 0.18
 U 6532.44, 0.24
 U 6506.44, 0.72
 U 6493.24, 0.24
 U 6452.94, 0.08
 U 6452.94, 0.16
 U 6415.44, 0.06
 U 6383.24, 0.28
 U 6355.94, 0.09
 U 6323.44, 0.37
 U 6323.44, 0.22
 U 6281.74, 0.12
 U 6259.44, 0.09
 U 6240.94, 0.33
 U 6226.04, 0.38
 U 6156.94, 0.15
 U 6124.64, 0.27
 U 6092.44, 0.39
 U 6063.14, 0.09
 U 6012.24, 0.11
 U 5995.54, 0.45
 U 5971.24, 0.17
 U 5935.54, 0.62
 U 5907.64, 0.26
 U 5891.84, 0.21
 U 5849.94, 0.08
 U 5849.94, 0.15
 U 5827.34, 0.26
 U 5815.84, 0.08
 - 5775.6, 0.47
 U 5659.04, 0.31
 U 5659.04, 0.12
 U 5593.34, 0.81
 U 5572.94, 0.26
 - 5548.8, 0.15
 U 5501.84, 0.26
 U 5441.64, 0.11
 U 5408.24, 0.16
 U 5396.24, 0.51
 - 5096.8, 0.26
 U 5060.44, 0.07
 U 5026.84, 0.66
 U 4980.44, 0.16
 U 4944.74, 0.04
 U 4933.84, 0.08
 U 4883.04, 0.09
 U 4832.84, 0.07
 - 4803.5, 0.1
 U 4779.34, 0.23
 U 4738.04, 0.05
 U 4539.84, 0.08
 U 4262.94, 0.03
 U 4168.04, 0.03
 U 4150.84, 0.07
 U 4050.74, 0.07
 U 3884.24, 0.07
 U 3419.54, 0.03
 U 3214.84, 0.04
