1942.7
 - 0, 88.5
2009.8
 - 0, 11.5
2462.21
 - 1942.7, 13.4
2669.89
 - 2009.8, 0.8
 - 1942.7, 2.1
3049.8
 - 2009.8, 0.3
3400
 - 2009.8, 2.2
3418.7
 P 0, 1
3526
 P 0, 1
3613.45
 - 2669.89, 0.5
 - 2462.21, 1.1
 - 1942.7, 1.3
3803.4
 P 0, 1
3844.5
 - 3400, 0.5
3944.3
 - 2462.21, 1.3
 - 1942.7, 18.9
4416.1
 P 0, 1
4603.5
 - 1942.7, 1.3
4752.7
 - 2462.21, 1.6
 - 1942.7, 3.8
4777.8
 - 2009.8, 2.8
5011.3
 - 1942.7, 0.7
5074
 P 0, 1
5280.1
 P 0, 1
5451.3
 P 0, 1
5756.6
 P 0, 1
8363.1
 - 5011.3, 0.4
 - 4777.8, 1.6
 - 4752.7, 6
 - 4603.5, 3.1
 - 3944.3, 17.1
 - 3844.5, 0.7
 - 3613.45, 2.6
 U 3526, 0.5
 - 3400, 1.8
 - 3049.8, 0.3
 - 2669.89, 1.1
 - 2462.21, 7
 - 2009.8, 0.2
 - 1942.7, 43.5
 U 5756.6, 1.6
 U 5280.1, 0.7
 U 4416.1, 0.4
 U 3803.4, 0.1
 U 3418.7, 0.8
