10
 P 0, 1
159.27
 - 0, 30
1252.6
 P 0, 1
1549.47
 - 159.27, 15
 - 0, 8.7
1793.37
 - 1549.47, 1.5
 - 0, 3.2
1817
 - 0, 2.9
2413
 P 0, 1
2554
 - 0, 12
2603
 P 0, 1
2793
 - 2554, 1.5
3176
 - 1817, 0.4
3549.7
 - 1549.47, 3
3676.1
 - 0, 0.9
3923
 - 0, 3
4127.29
 P 0, 1
4255.29
 P 0, 1
4528.29
 P 0, 1
4919.29
 P 0, 1
4977.29
 P 0, 1
7272.29
 P 0, 1
7355.29
 P 0, 1
7525.29
 P 0, 1
8880.29
 - 3923, 4.6
 - 3676.1, 3.6
 - 3549.7, 2.8
 - 3176, 0.9
 - 2793, 4.3
 - 2554, 4.9
 - 1793.37, 12
 - 1549.47, 9.5
 U 7525.29, 0.4
 U 7355.29, 2.8
 U 7272.29, 1.3
 U 4977.29, 0.6
 U 4919.29, 0.6
 U 4528.29, 0.7
 U 4255.29, 0.8
 U 4127.29, 0.3
