1381.77
 - 0, 85.5
1585.97
 - 0, 10.2
1723.48
 - 1585.97, 0.54
 - 1381.77, 24.8
1762.01
 - 0, 5.35
1947.29
 P 0, 1
2260.96
 - 1381.77, 0.05
2504.36
 - 1381.77, 0.72
2513.44
 - 0, 0.219
2598.99
 P 0, 1
2664.36
 - 1762.01, 0.127
2721.3
 - 1585.97, 0.212
2850.59
 P 0, 1
2938.02
 P 0, 1
3038.68
 - 1723.48, 0.034
3175.28
 - 1723.48, 0.242
 - 1585.97, 1.01
 - 1381.77, 2.57
3260.7
 - 1762.01, 4.89
 - 1585.97, 0.397
 - 1381.77, 0.5
3428.25
 - 1762.01, 0.048
 - 1585.97, 0.31
 - 1381.77, 0.26
3469.03
 - 1585.97, 0.32
3618.49
 - 3469.03, 0.041
3787.67
 - 1381.77, 0.211
3854.97
 - 2504.36, 0.063
 - 1723.48, 0.031
 - 1381.77, 0.073
3901.99
 P 0, 1
3941.89
 P 0, 1
3991.99
 P 0, 1
4074.17
 - 3469.03, 0.03
4221.8
 - 3787.67, 0.033
 - 1723.48, 0.299
 - 1585.97, 0.123
 - 1381.77, 0.63
4433.26
 - 1723.48, 0.127
 - 1585.97, 0.105
4588.24
 - 3260.7, 0.254
 - 3038.68, 0.115
 - 1585.97, 0.239
 - 1381.77, 0.086
4666.66
 - 3260.7, 0.055
 - 1723.48, 0.94
 - 1381.77, 0.111
4811.02
 - 2504.36, 0.043
 - 1585.97, 0.152
4910.92
 - 1723.48, 0.141
 - 1585.97, 0.065
5091.14
 P 0, 1
5115.56
 - 3469.03, 0.046
 - 3260.7, 0.066
 - 3175.28, 0.18
 - 2513.44, 0.027
 - 2504.36, 0.25
 - 1585.97, 0.168
 - 1381.77, 1.31
5129.19
 P 0, 1
5151.12
 - 4074.17, 0.042
 - 3618.49, 0.053
 - 2721.3, 0.035
 - 1762.01, 0.02
 - 1723.48, 0.035
 - 1585.97, 0.079
5412.03
 - 1381.77, 0.062
5455.73
 P 0, 1
5551.29
 P 0, 1
5593.59
 P 0, 1
5613.29
 P 0, 1
5795.48
 - 2260.96, 0.062
 - 1723.48, 0.032
6138.88
 P 0, 1
6169.39
 P 0, 1
6899.08
 P 0, 1
8142.39
 - 5795.48, 0.097
 - 5412.03, 0.147
 - 5151.12, 0.185
 - 5115.56, 2.07
 - 4910.92, 0.403
 - 4811.02, 0.054
 - 4666.66, 1.57
 - 4588.24, 0.684
 - 4433.26, 0.585
 - 4221.8, 1.289
 - 3854.97, 0.136
 - 3787.67, 0.355
 - 3469.03, 0.56
 - 3428.25, 0.956
 - 3260.7, 4.51
 - 3175.28, 2.89
 - 2664.36, 0.206
 - 2504.36, 0.428
 - 1723.48, 30.5
 - 1585.97, 5.09
 - 1381.77, 46.3
 U 6899.08, 0.053
 U 6169.39, 0.032
 U 6138.88, 0.34
 U 5613.29, 0.032
 U 5593.59, 0.04
 U 5551.29, 0.028
 U 5455.73, 0.336
 U 5129.19, 0.052
 U 3991.99, 0.045
 U 3941.89, 0.02
 U 3901.99, 0.02
 U 2938.02, 0.074
 U 2850.59, 0.02
 U 2598.99, 0.023
 U 1947.29, 0.022
