1553.8
 - 0, 99
2674.93
 - 1553.8, 59.6
3198.69
 - 2674.93, 2.17
3862.81
 - 1553.8, 0.86
4147.21
 - 2674.93, 11.4
4171.98
 - 2674.93, 9.6
 - 1553.8, 19.9
4309.86
 - 1553.8, 1.32
 - 0, 0.259
4410.01
 - 2674.93, 0.73
 - 1553.8, 2.86
4486.72
 - 1553.8, 0.66
 - 0, 0.11
4789.96
 - 1553.8, 1.2
 - 0, 0.136
4880.69
 - 4147.21, 0.214
 - 3198.69, 0.84
 - 2674.93, 10.1
5032.69
 P 0, 1
5186.08
 - 2674.93, 4.26
 - 1553.8, 1.72
5333.98
 P 0, 1
5379.92
 - 4171.98, 2.4
 - 2674.93, 4.38
 - 1553.8, 0.56
5392.89
 P 0, 1
5405.02
 P 0, 1
5440.99
 P 0, 1
5526.69
 P 0, 1
5547.79
 - 3198.69, 0.36
 - 2674.93, 1.31
 - 1553.8, 1.07
5683.39
 P 0, 1
5694.84
 - 2674.93, 0.8
5772.8
 P 0, 1
5790.25
 P 0, 1
5806.52
 - 2674.93, 0.39
5832.69
 P 0, 1
5946.45
 - 5186.08, 0.34
 - 4789.96, 0.2
 - 2674.93, 3.81
6041.38
 P 0, 1
6069.69
 P 0, 1
6123.13
 - 4880.69, 0.71
 - 4486.72, 0.601
 - 3198.69, 0.22
 - 2674.93, 0.14
6156.46
 - 1553.8, 0.2
6301.77
 - 4171.98, 0.31
 - 1553.8, 2.03
6379.83
 - 3198.69, 0.13
6399.78
 - 2674.93, 0.13
 - 1553.8, 0.201
6481.27
 P 0, 1
6521.36
 - 4789.96, 0.24
 - 3862.81, 0.5
 - 2674.93, 1.07
6710.54
 - 5186.08, 0.7
 - 4410.01, 0.68
 - 4171.98, 1.09
 - 1553.8, 0.852
6729.82
 - 3862.81, 0.44
 - 2674.93, 0.52
6788.39
 P 0, 1
6837.6
 - 5379.92, 0.122
 - 1553.8, 0.366
6849
 - 4147.21, 0.16
 - 3198.69, 0.11
7029.38
 - 4309.86, 0.37
7078.69
 - 2674.93, 0.14
 - 1553.8, 0.126
7105.97
 P 0, 1
7232.17
 - 5379.92, 0.55
 - 1553.8, 0.165
7250.69
 P 0, 1
7302.89
 P 0, 1
7374.19
 P 0, 1
7393.69
 P 0, 1
7404.69
 P 0, 1
7482.92
 - 1553.8, 0.426
7752.47
 P 0, 1
8092.69
 P 0, 1
8128.69
 P 0, 1
8173.76
 P 0, 1
8229.99
 P 0, 1
8634.12
 P 0, 1
8724.19
 P 0, 1
8738.19
 P 0, 1
8937.69
 P 0, 1
9165.42
 P 0, 1
9183.39
 P 0, 1
9296.79
 P 0, 1
9665.97
 P 0, 1
10939.2
 - 7482.92, 1.03
 - 7232.17, 0.6
 - 7078.69, 0.2
 - 7029.38, 0.14
 - 6849, 0.79
 - 6837.6, 0.84
 - 6729.82, 1
 - 6710.54, 4.01
 - 6521.36, 1.84
 - 6399.78, 0.297
 - 6379.83, 0.54
 - 6301.77, 1.83
 - 6156.46, 0.14
 - 6123.13, 1.07
 - 5946.45, 4.49
 - 5806.52, 0.201
 - 5694.84, 0.547
 - 5547.79, 1.96
 - 5379.92, 6.14
 - 5186.08, 4.72
 - 4880.69, 10.03
 - 4789.96, 0.53
 - 4486.72, 0.25
 - 4410.01, 0.92
 - 4171.98, 17.8
 - 4147.21, 7.58
 - 2674.93, 8.57
 - 1553.8, 5.08
 U 9665.97, 0.24
 U 9296.79, 0.186
 U 9183.39, 0.097
 U 9165.42, 0.139
 U 8937.69, 0.3
 U 8738.19, 0.71
 U 8724.19, 0.43
 U 8634.12, 0.287
 U 8229.99, 0.25
 U 8173.76, 0.73
 U 8128.69, 0.15
 U 8092.69, 0.24
 U 7752.47, 0.37
 U 7404.69, 0.16
 U 7393.69, 0.11
 U 7374.19, 0.13
 U 7302.89, 0.13
 U 7250.69, 0.09
 U 7105.97, 0.23
 U 6788.39, 0.085
 - 6729.82, 0.75
 U 6481.27, 1.15
 U 6069.69, 0.098
 U 6041.38, 0.28
 U 5832.69, 0.094
 U 5790.25, 0.732
 U 5772.8, 0.393
 U 5683.39, 0.095
 - 5547.79, 0.177
 U 5526.69, 0.173
 U 5526.69, 0.327
 U 5440.99, 0.352
 U 5405.02, 0.34
 U 5392.89, 0.19
 U 5333.98, 0.246
 U 5032.69, 0.077
