241.87
 - 0, 22.1
517.68
 - 0, 0.7
565.9
 - 241.87, 1.57
 - 0, 11.8
660.19
 P 0, 1
824.99
 P 0, 1
880.75
 - 0, 0.65
1198.99
 P 0, 1
1377.49
 P 0, 1
1474.19
 - 565.9, 7.9
 - 241.87, 0.88
 - 0, 7
1779.99
 P 0, 1
2026.79
 P 0, 1
2083.83
 - 241.87, 0.21
 - 0, 0.36
2269.23
 - 565.9, 0.18
 - 0, 0.18
2444.69
 P 0, 1
2455.09
 P 0, 1
2586.79
 P 0, 1
2686.98
 - 565.9, 0.31
 - 241.87, 0.31
 - 0, 0.9
2697.79
 P 0, 1
2721.79
 P 0, 1
2740.29
 P 0, 1
2894.53
 - 565.9, 0.52
 - 241.87, 0.83
 - 0, 1.45
2979.19
 P 0, 1
3025.19
 P 0, 1
3227.29
 P 0, 1
3315.69
 P 0, 1
3333.99
 P 0, 1
3464.29
 P 0, 1
3528.29
 P 0, 1
3548.89
 P 0, 1
3669.79
 P 0, 1
3791.43
 P 0, 1
3837.69
 P 0, 1
3866.81
 P 0, 1
4044.24
 - 565.9, 0.09
 - 0, 0.31
4102.68
 P 0, 1
4168
 P 0, 1
4337.99
 P 0, 1
4372.99
 P 0, 1
4429.89
 P 0, 1
4442.59
 P 0, 1
4557.15
 P 0, 1
4586.19
 P 0, 1
4599.26
 P 0, 1
4615.73
 P 0, 1
4810.69
 P 0, 1
4826.74
 P 0, 1
4846.43
 P 0, 1
4906.07
 P 0, 1
4947.6
 P 0, 1
4963.08
 P 0, 1
5036.84
 P 0, 1
5049.06
 P 0, 1
5159.55
 P 0, 1
6246.29
 - 4044.24, 0.69
 - 2894.53, 2.72
 - 2686.98, 1.43
 - 2269.23, 0.35
 - 2083.83, 0.46
 - 1474.19, 13.1
 - 565.9, 2.14
 - 241.87, 13.4
 - 0, 55.5
 U 5159.55, 0.09
 U 5049.06, 0.59
 U 5036.84, 0.07
 U 4963.08, 0.07
 U 4947.6, 0.13
 U 4906.07, 0.09
 U 4906.07, 0.12
 U 4846.43, 0.12
 U 4826.74, 0.11
 U 4810.69, 0.27
 U 4615.73, 0.1
 U 4599.26, 0.13
 U 4586.19, 0.03
 U 4586.19, 0.08
 U 4557.15, 0.12
 U 4557.15, 0.06
 U 4442.59, 0.26
 U 4429.89, 0.15
 U 4372.99, 0.18
 U 4337.99, 0.12
 U 4168, 0.41
 U 4102.68, 0.39
 U 3866.81, 1.59
 U 3837.69, 0.08
 U 3791.43, 0.33
 U 3791.43, 0.59
 U 3791.43, 0.1
 U 3669.79, 0.1
 U 3548.89, 0.28
 U 3528.29, 0.08
 U 3464.29, 0.07
 U 3333.99, 0.07
 U 3315.69, 0.63
 U 3227.29, 0.08
 U 3025.19, 1.86
 U 2979.19, 0.04
 U 2740.29, 0.05
 U 2721.79, 0.05
 U 2697.79, 0.9
 U 2586.79, 0.06
 U 2455.09, 0.05
 U 2444.69, 0.12
 U 2026.79, 0.08
 U 1779.99, 0.15
 U 1377.49, 0.21
 U 1198.99, 0.11
 U 824.99, 2.11
 U 660.19, 0.07
 U 660.19, 0.06
