26.516
 - 0, 18
110.428
 - 26.516, 10.9
 - 0, 0.036
212.004
 - 0, 10.6
215.057
 - 110.428, 8.4
 - 26.516, 1.8
 - 0, 0.88
335.509
 - 212.004, 0.33
 - 0, 0.85
340.957
 - 215.057, 0.033
 - 212.004, 0.077
 - 26.516, 9.4
 - 0, 0.59
454.305
 - 340.957, 0.049
 - 335.509, 0.24
 - 212.004, 0.07
 - 0, 2.9
486.251
 - 340.957, 0.016
 - 215.057, 5.7
 - 212.004, 0.46
 - 26.516, 1.6
 - 0, 0.21
651.15
 P 0, 1
716.121
 - 486.251, 0.38
 - 340.957, 0.83
 - 0, 0.74
840.38
 - 486.251, 0.62
 - 340.957, 0.25
 - 335.509, 0.61
952.65
 P 0, 1
1166.54
 P 0, 1
1239.85
 P 0, 1
1251.55
 P 0, 1
1293.81
 P 0, 1
1349.95
 P 0, 1
1365.15
 P 0, 1
1509.55
 P 0, 1
1563.75
 P 0, 1
1592.15
 P 0, 1
1692.9
 P 0, 1
1727.46
 P 0, 1
1744.3
 P 0, 1
1806.05
 P 0, 1
1833.67
 P 0, 1
1865.97
 P 0, 1
1980.2
 P 0, 1
2016.39
 - 0, 3.36
2071.39
 - 26.516, 2.1
2089.38
 - 26.516, 1.41
2135.65
 P 0, 1
2158.97
 - 0, 0.25
2202.73
 - 26.516, 1.08
2235.14
 P 0, 1
2255.24
 - 0, 0.21
2287.85
 P 0, 1
2300.72
 P 0, 1
2321.15
 - 110.428, 1.62
 - 26.516, 1.16
 - 0, 0.3
2335.32
 P 0, 1
2362.62
 P 0, 1
2395.89
 - 0, 0.29
2416.65
 P 0, 1
2432
 P 0, 1
2441.27
 - 110.428, 1.92
2506.65
 P 0, 1
2518.8
 P 0, 1
2545.65
 - 0, 0.055
2561.75
 P 0, 1
2580.54
 P 0, 1
2600.15
 P 0, 1
2626.75
 P 0, 1
2652
 P 0, 1
2667.45
 P 0, 1
2681.85
 P 0, 1
2703.87
 - 26.516, 0.79
2719.96
 P 0, 1
2797.5
 P 0, 1
2824.56
 P 0, 1
2855.17
 P 0, 1
2872.17
 - 0, 0.17
2889.57
 P 0, 1
2906.25
 P 0, 1
2922.57
 P 0, 1
2940.35
 P 0, 1
2951.07
 P 0, 1
2972.25
 P 0, 1
3002.88
 - 212.004, 0.065
 - 26.516, 0.25
 - 0, 0.64
3018.88
 P 0, 1
3047.34
 - 0, 0.37
3071.38
 P 0, 1
3083.55
 P 0, 1
3143.05
 P 0, 1
3159.94
 - 0, 0.11
3166.39
 - 212.004, 0.28
3202.45
 P 0, 1
3219.04
 - 26.516, 0.075
3240.8
 P 0, 1
3263.82
 - 340.957, 0.34
 - 26.516, 0.045
3291.2
 P 0, 1
3293.66
 - 26.516, 0.5
 - 0, 0.12
3315.6
 P 0, 1
3373.6
 P 0, 1
3386.6
 P 0, 1
3397.61
 P 0, 1
3412.81
 P 0, 1
3433.75
 P 0, 1
3450.21
 P 0, 1
3455.61
 P 0, 1
3472.05
 P 0, 1
3486.23
 - 340.957, 0.25
3497.82
 P 0, 1
3518.32
 P 0, 1
3524.82
 - 0, 0.15
3554.55
 P 0, 1
3612.05
 P 0, 1
3628.33
 P 0, 1
3643.95
 P 0, 1
3669.25
 P 0, 1
3690.03
 P 0, 1
3696.77
 - 26.516, 0.15
 - 0, 0.12
3711.35
 P 0, 1
3721.43
 P 0, 1
3743.15
 P 0, 1
3771.74
 P 0, 1
3791.45
 P 0, 1
3819.15
 P 0, 1
3839.84
 P 0, 1
3861.54
 P 0, 1
3882.95
 P 0, 1
3901.8
 - 0, 0.025
3927.25
 - 0, 0.44
3961.9
 - 0, 0.06
3982.45
 P 0, 1
3998.56
 - 26.516, 0.23
3999.5
 P 0, 1
4001.3
 - 0, 0.06
4028.25
 P 0, 1
4039.15
 P 0, 1
4057.05
 P 0, 1
4075.15
 P 0, 1
4098.16
 P 0, 1
4132.1
 - 0, 0.065
4154.65
 P 0, 1
4174.1
 - 0, 0.035
4195.1
 - 110.428, 0.04
4212.55
 P 0, 1
4236.65
 P 0, 1
4249.05
 P 0, 1
4279.35
 P 0, 1
4300.7
 - 212.004, 0.035
4333.15
 P 0, 1
4343.85
 P 0, 1
4372.05
 P 0, 1
4385.15
 P 0, 1
4406.35
 P 0, 1
4417.1
 - 340.957, 0.015
4437.85
 P 0, 1
4453.35
 P 0, 1
4470
 - 0, 0.055
4491.25
 P 0, 1
4506.65
 P 0, 1
4530.45
 P 0, 1
4549.15
 P 0, 1
4562.35
 P 0, 1
4574.35
 P 0, 1
4626.65
 P 0, 1
4648.05
 P 0, 1
4660.15
 P 0, 1
4676.25
 P 0, 1
4688.75
 P 0, 1
4712.85
 P 0, 1
4739.6
 - 0, 0.07
4755.75
 P 0, 1
4768.59
 - 0, 0.05
4799.33
 - 0, 0.07
4816.9
 - 0, 0.07
4818.4
 P 0, 1
4820.6
 - 26.516, 0.095
4841.66
 - 0, 0.63
4865.05
 P 0, 1
4898.6
 P 0, 1
4928.1
 P 0, 1
4960.75
 P 0, 1
4984.55
 P 0, 1
5009.75
 P 0, 1
5028.95
 P 0, 1
5065.45
 P 0, 1
5087.65
 P 0, 1
5129.75
 - 0, 0.15
5148.25
 P 0, 1
5180.35
 P 0, 1
5246.85
 P 0, 1
5283.15
 P 0, 1
5298.6
 - 0, 0.055
5313.9
 - 0, 0.085
5355.55
 P 0, 1
5394.55
 P 0, 1
5485.8
 - 0, 0.055
5523.75
 P 0, 1
5564.2
 - 0, 0.03
5604.2
 - 110.428, 0.03
5652.1
 - 26.516, 0.02
5664.3
 - 26.516, 0.03
5712
 - 110.428, 0.045
5714.81
 - 0, 0.13
5734.2
 - 0, 0.015
5795.1
 - 0, 0.015
5869.05
 P 0, 1
5956.8
 - 110.428, 0.03
6130.35
 P 0, 1
7270.75
 U 4928.1, 0.4
 U 4898.6, 0.29
 - 4841.66, 0.4
 - 4799.33, 0.33
 - 4768.59, 0.34
 U 4098.16, 0.17
 - 3998.56, 0.32
 U 3982.45, 0.12
 U 3861.54, 3.17
 U 3839.84, 0.16
 U 3771.74, 0.54
 U 3721.43, 0.29
 - 3696.77, 0.24
 U 3690.03, 0.44
 U 3628.33, 0.61
 U 3518.32, 0.43
 U 3497.82, 0.12
 - 3486.23, 0.32
 U 3455.61, 1.07
 U 3450.21, 0.58
 U 3412.81, 0.6
 U 3397.61, 0.13
 U 3373.6, 0.095
 U 3315.6, 0.06
 U 3291.2, 0.38
 - 3263.82, 0.05
 U 3240.8, 0.17
 - 3219.04, 0.13
 - 3166.39, 0.39
 - 3159.94, 0.35
 U 3071.38, 0.17
 - 3047.34, 0.73
 U 3018.88, 0.21
 - 3002.88, 0.69
 U 2951.07, 0.11
 U 2922.57, 0.31
 U 2889.57, 0.54
 - 2872.17, 0.14
 U 2855.17, 0.2
 U 2824.56, 0.79
 U 2797.5, 0.1
 U 2719.96, 0.68
 - 2703.87, 1.94
 U 2681.85, 0.43
 U 2652, 0.1
 U 2626.75, 0.84
 U 2580.54, 1
 - 2545.65, 2.76
 U 2518.8, 0.025
 - 2441.27, 1.25
 - 2395.89, 0.72
 U 2362.62, 0.68
 U 2335.32, 0.36
 - 2321.15, 2.02
 U 2300.72, 0.36
 - 2255.24, 6.12
 U 2235.14, 1.02
 - 2202.73, 2.73
 - 2158.97, 0.3
 - 2089.38, 3.79
 - 2071.39, 0.85
 - 2016.39, 1.24
 U 1980.2, 0.055
 U 1865.97, 0.39
 U 1833.67, 1.27
 U 1744.3, 6.72
 U 1727.46, 0.17
 U 1509.55, 1.74
 U 1349.95, 0.82
 U 1293.81, 0.18
 U 1239.85, 0.52
 U 1166.54, 2
 - 840.38, 0.73
 - 716.121, 0.19
 - 486.251, 3.42
 - 340.957, 2.34
 - 212.004, 11
 - 110.428, 5.96
 - 26.516, 12.3
 - 0, 3.5
 U 6130.35, 0.66
 U 5869.05, 0.88
 - 5564.2, 1.39
 U 5523.75, 3.31
 U 5394.55, 0.94
 U 5355.55, 2.5
 U 5283.15, 2.74
 U 5246.85, 1.11
 U 5180.35, 0.94
 U 5148.25, 0.52
 - 5129.75, 0.38
 - 5129.75, 0.5
 U 5087.65, 0.48
 U 5087.65, 0.35
 U 5065.45, 0.93
 U 5028.95, 0.22
 U 5009.75, 0.33
 U 4984.55, 0.21
 U 4960.75, 0.2
 U 4928.1, 0.7
 U 4898.6, 0.49
 U 4865.05, 0.35
 - 4841.66, 0.44
 - 4820.6, 0.21
 U 4818.4, 0.22
 U 4755.75, 0.33
 - 4739.6, 0.24
 U 4712.85, 0.18
 U 4712.85, 0.19
 U 4688.75, 0.3
 U 4676.25, 0.5
 U 4676.25, 0.37
 U 4660.15, 0.43
 U 4648.05, 0.58
 U 4626.65, 0.085
 U 4574.35, 0.31
 U 4562.35, 0.32
 U 4549.15, 0.09
 U 4549.15, 0.1
 U 4530.45, 0.07
 U 4506.65, 0.11
 U 4506.65, 0.09
 U 4491.25, 0.18
 - 4470, 0.1
 - 4470, 0.12
 U 4453.35, 0.12
 U 4437.85, 0.39
 U 4437.85, 0.08
 - 4417.1, 0.25
 U 4406.35, 0.41
 U 4385.15, 0.05
 U 4385.15, 0.1
 U 4372.05, 0.18
 U 4343.85, 0.41
 U 4333.15, 0.067
 - 4300.7, 0.51
 U 4279.35, 0.14
 U 4249.05, 0.29
 U 4236.65, 0.14
 U 4212.55, 0.13
 U 4212.55, 0.15
 - 4195.1, 0.035
 - 4195.1, 0.035
 - 4174.1, 0.03
 - 4174.1, 0.03
 U 4154.65, 0.22
 U 4154.65, 0.19
 - 4132.1, 0.25
 U 4075.15, 0.11
 U 4075.15, 0.33
 U 4057.05, 0.061
 U 4057.05, 0.015
 U 4039.15, 0.03
 U 4028.25, 0.09
 U 4028.25, 0.09
 - 4001.3, 0.18
 - 3961.9, 0.17
 - 3961.9, 0.085
 - 3927.25, 0.11
 - 3927.25, 0.54
 - 3901.8, 0.085
 U 3882.95, 0.2
 U 3861.54, 0.39
 U 3861.54, 0.19
 U 3839.84, 0.08
 U 3819.15, 0.04
 U 3819.15, 0.04
 U 3791.45, 0.1
 U 3791.45, 0.11
 U 3743.15, 0.2
 U 3721.43, 0.27
 U 3711.35, 0.1
 U 3690.03, 0.075
 U 3669.25, 0.095
 U 3669.25, 0.06
 U 3643.95, 0.68
 U 3612.05, 0.035
 U 3554.55, 0.035
 U 3554.55, 0.035
 - 3524.82, 0.025
 U 3472.05, 0.045
 U 3433.75, 0.08
 U 3433.75, 0.13
 U 3386.6, 0.15
 U 3240.8, 0.1
 U 3240.8, 0.16
 - 3219.04, 0.09
 U 3202.45, 0.015
 U 3143.05, 0.05
 U 3083.55, 0.05
 U 3083.55, 0.035
 - 3047.34, 0.36
 U 2972.25, 0.035
 U 2951.07, 0.14
 U 2940.35, 0.06
 U 2906.25, 0.01
 U 2855.17, 0.055
 U 2667.45, 0.025
 U 2626.75, 0.22
 U 2600.15, 0.075
 U 2561.75, 0.075
 U 2506.65, 0.025
 U 2416.65, 0.07
 U 2287.85, 0.05
 - 2158.97, 0.35
 U 2135.65, 0.15
 - 2016.39, 0.17
 U 1833.67, 1.33
 U 1806.05, 0.03
 U 1592.15, 0.03
 U 1563.75, 0.045
 U 1365.15, 0.1
 U 1251.55, 0.065
 U 952.65, 0.013
 U 651.15, 0.15
 U 651.15, 0.12
