810.55
 - 0, 66
1674.3
 - 810.55, 18.1
 - 0, 13.8
2133.5
 - 1674.3, 0.39
 - 810.55, 1.1
2257
 - 810.55, 3.5
2781.77
 - 2257, 1.2
 - 1674.3, 3.4
 - 810.55, 7.3
 - 0, 3.4
2876.05
 - 810.55, 6.3
3083.7
 - 810.55, 13
3204.2
 P 0, 1
3244.2
 - 810.55, 2
3537.2
 - 1674.3, 1.6
 - 810.55, 7.2
 - 0, 1.8
3630
 - 810.55, 1.9
3879.9
 - 2781.77, 0.4
 - 810.55, 1.6
 - 0, 1.4
4015.2
 P 0, 1
4139.3
 - 0, 2.4
4154.2
 P 0, 1
4297.6
 - 810.55, 1
 - 0, 1
4322.3
 - 3083.7, 0.2
 - 2876.05, 3.5
 - 0, 2.1
4352.6
 P 0, 1
4444.1
 - 2781.77, 0.9
 - 0, 0.7
4550.3
 - 4139.3, 0.08
 - 3244.2, 0.8
 - 2876.05, 3.8
 - 1674.3, 5.7
 - 810.55, 0.3
4803.2
 P 0, 1
4832
 P 0, 1
4952.2
 P 0, 1
5000.4
 - 1674.3, 5.7
 - 810.55, 0.3
 - 0, 1.5
5155.2
 P 0, 1
5220.8
 - 3083.7, 0.7
 - 810.55, 0.5
 - 0, 0.6
5255.2
 P 0, 1
5294.6
 - 2781.77, 1.6
 - 2133.5, 1.4
 - 810.55, 0.5
5417.5
 - 2133.5, 0.3
 - 1674.3, 0.8
5452.2
 P 0, 1
5522.9
 - 810.55, 0.6
5538.2
 P 0, 1
5664.2
 P 0, 1
5702.2
 P 0, 1
5859.2
 P 0, 1
5964.2
 P 0, 1
5982.2
 P 0, 1
6038.2
 P 0, 1
6057.2
 P 0, 1
6092.2
 P 0, 1
6839.2
 P 0, 1
6861.2
 P 0, 1
7553.6
 P 0, 1
7577.3
 P 0, 1
8387
 P 0, 1
8576.5
 P 0, 1
8751.5
 P 0, 1
8777.4
 P 0, 1
8793.5
 P 0, 1
8879.6
 P 0, 1
10044.2
 - 5522.9, 0.8
 - 5417.5, 3.3
 - 5294.6, 3
 - 5220.8, 2.4
 - 5000.4, 10.7
 U 4832, 0.6
 - 4550.3, 10.9
 - 4444.1, 1.1
 U 4352.6, 2.5
 - 4322.3, 2.5
 - 4297.6, 2.4
 - 4139.3, 2.5
 U 4015.2, 1.2
 - 3879.9, 3.3
 - 3630, 1.6
 - 3537.2, 6.8
 - 3083.7, 10.5
 - 2876.05, 0.6
 - 2781.77, 11.4
 - 1674.3, 11.8
 - 810.55, 2.2
 - 0, 2.7
 U 8879.6, 0.3
 U 8793.5, 0.2
 U 8793.5, 0.6
 U 8777.4, 0.3
 U 8777.4, 0.1
 U 8751.5, 0.35
 U 8576.5, 0.4
 U 8387, 0.4
 U 7577.3, 0.6
 U 7553.6, 0.7
 U 6861.2, 0.5
 U 6839.2, 0.8
 U 6092.2, 0.4
 U 6057.2, 0.3
 U 6038.2, 0.4
 U 5982.2, 0.1
 U 5964.2, 0.6
 U 5859.2, 0.2
 U 5702.2, 0.4
 U 5664.2, 0.2
 U 5538.2, 0.4
 U 5452.2, 0.3
 U 5255.2, 0.4
 U 5155.2, 0.6
 U 4952.2, 0.2
 U 4803.2, 0.4
 U 4154.2, 0.4
 U 3204.2, 0.2
