287.028
 - 0, 59
352.61
 P 0, 1
472.85
 - 0, 1.54
484.01
 P 0, 1
568.76
 - 287.028, 0.38
 - 0, 0.55
570.9
 - 0, 4.9
613.05
 - 0, 0.2
642.8
 - 0, 0.09
726.45
 - 287.028, 0.75
 - 0, 20.2
908.81
 P 0, 1
969.31
 P 0, 1
1015.71
 P 0, 1
1077.82
 - 613.05, 0.23
1162.11
 - 570.9, 3.26
 - 472.85, 0.1
 - 287.028, 0.95
 - 0, 0.48
1197.71
 P 0, 1
1211.37
 - 0, 1.95
1376.71
 P 0, 1
1445.01
 P 0, 1
1569.9
 - 0, 0.7
1657.81
 P 0, 1
1749.9
 - 1211.37, 0.04
 - 0, 0.08
1823.21
 P 0, 1
1851.51
 P 0, 1
1918.94
 - 1162.11, 0.25
 - 1077.82, 0.77
 - 726.45, 0.73
 - 0, 5.69
1961.99
 - 726.45, 2.36
 - 613.05, 0.23
 - 0, 0.84
2073.01
 P 0, 1
2162.1
 - 613.05, 0.07
2277.9
 - 726.45, 0.06
 - 0, 0.05
2321.06
 - 0, 0.28
2348.3
 - 1211.37, 0.16
2416.71
 P 0, 1
2447.3
 - 1749.9, 0.42
 - 726.45, 0.72
 - 287.028, 2.31
 - 0, 0.25
2466.81
 P 0, 1
2493.7
 - 0, 0.05
2508.51
 P 0, 1
2545.31
 P 0, 1
2569.6
 - 613.05, 0.15
2719.01
 P 0, 1
2757.04
 - 1211.37, 0.08
2810.24
 - 1749.9, 0.1
 - 1211.37, 0.59
 - 1077.82, 0.11
 - 726.45, 0.19
2823.71
 P 0, 1
2916.61
 P 0, 1
2991.01
 P 0, 1
3057.61
 P 0, 1
3070.5
 - 642.8, 0.06
 - 0, 0.1
3104.4
 - 2493.7, 0.35
 - 2277.9, 0.07
 - 570.9, 0.24
3159.63
 - 287.028, 0.3
3239.88
 - 0, 1
3384.55
 - 2757.04, 0.1
 - 287.028, 0.07
3451.81
 P 0, 1
3472.61
 P 0, 1
3499.61
 P 0, 1
3523.91
 P 0, 1
3614.41
 P 0, 1
3632.81
 P 0, 1
3672.41
 P 0, 1
3684.61
 P 0, 1
3829.41
 P 0, 1
3945.61
 P 0, 1
4002.61
 P 0, 1
4075.91
 P 0, 1
4219.39
 P 0, 1
4241.31
 P 0, 1
4340.11
 P 0, 1
4442.81
 P 0, 1
4478.01
 P 0, 1
4490.01
 P 0, 1
4676.71
 P 0, 1
4858.91
 P 0, 1
4933.41
 P 0, 1
5112.71
 P 0, 1
5204.81
 P 0, 1
5257.71
 P 0, 1
5307.41
 P 0, 1
5521.91
 P 0, 1
5532.21
 P 0, 1
6581.01
 - 3384.55, 0.1
 - 3239.88, 1.06
 - 3159.63, 0.06
 - 3104.4, 0.06
 - 3070.5, 0.04
 - 2810.24, 0.33
 - 2757.04, 0.13
 - 2569.6, 0.71
 - 2447.3, 3.58
 - 2321.06, 0.39
 - 2162.1, 0.49
 - 1961.99, 3.4
 - 1918.94, 8.2
 - 1569.9, 0.37
 - 1211.37, 0.33
 - 1162.11, 7.1
 - 726.45, 14.9
 - 568.76, 0.54
 - 287.028, 47
 - 0, 3.4
 U 5532.21, 0.1
 U 5521.91, 0.05
 U 5307.41, 0.21
 U 5257.71, 0.08
 U 5204.81, 0.06
 U 5112.71, 0.11
 U 5112.71, 0.11
 U 4933.41, 0.36
 U 4858.91, 0.73
 U 4676.71, 0.07
 U 4490.01, 0.4
 U 4478.01, 0.23
 U 4442.81, 0.37
 U 4340.11, 0.14
 U 4241.31, 0.13
 U 4219.39, 0.32
 U 4075.91, 0.08
 U 4002.61, 0.1
 U 3945.61, 0.22
 U 3829.41, 0.33
 U 3684.61, 0.08
 U 3672.41, 0.62
 U 3672.41, 0.06
 U 3632.81, 0.3
 U 3614.41, 0.18
 U 3523.91, 0.05
 U 3499.61, 0.16
 U 3472.61, 0.57
 U 3472.61, 1
 U 3451.81, 0.06
 - 3384.55, 0.08
 - 3239.88, 0.04
 - 3070.5, 0.43
 U 3057.61, 0.12
 U 3057.61, 0.22
 U 2991.01, 0.33
 U 2916.61, 0.19
 U 2823.71, 0.08
 U 2719.01, 0.06
 U 2545.31, 0.07
 U 2508.51, 0.18
 U 2466.81, 0.12
 - 2447.3, 0.13
 U 2416.71, 0.31
 U 2073.01, 0.45
 - 1961.99, 0.33
 U 1851.51, 0.07
 U 1823.21, 0.42
 U 1823.21, 0.17
 U 1657.81, 0.21
 U 1445.01, 0.07
 U 1376.71, 0.11
 - 1211.37, 0.26
 U 1197.71, 0.19
 U 1015.71, 0.4
 U 1015.71, 0.36
 U 969.31, 0.28
 U 908.81, 0.17
 U 484.01, 0.19
 - 472.85, 0.23
 U 352.61, 0.2
