136.495
 - 0, 4.1
366.762
 - 136.495, 0.87
 - 0, 1.68
447.2
 P 0, 1
706.416
 - 366.762, 0.08
 - 136.495, 0.52
 - 0, 0.27
904.2
 P 0, 1
928.8
 P 0, 1
1007.31
 - 136.495, 0.17
1097.7
 P 0, 1
1197.5
 P 0, 1
1265.08
 - 366.762, 1.9
1357.24
 P 0, 1
1369.8
 P 0, 1
1426.8
 P 0, 1
1516.9
 P 0, 1
1544.1
 P 0, 1
1627.27
 - 706.416, 0.76
 - 366.762, 2.5
 - 0, 0.21
1654.2
 P 0, 1
1725.42
 - 1265.08, 0.03
 - 706.416, 1.74
 - 366.762, 0.9
 - 0, 6.3
1744.8
 P 0, 1
1861.3
 P 0, 1
1915.56
 P 0, 1
1976.4
 - 1725.42, 0.04
 - 0, 0.04
2113.13
 - 1265.08, 0.04
 - 0, 0.15
2206.88
 - 1265.08, 0.02
 - 0, 0.21
2217.77
 - 366.762, 0.06
 - 136.495, 0.1
2330.11
 - 1627.27, 0.05
2455.1
 P 0, 1
2466.5
 P 0, 1
2505.31
 - 366.762, 0.17
2564.37
 - 1725.42, 0.07
 - 0, 0.04
2599.99
 - 136.495, 0.07
 - 0, 0.03
2697.36
 - 706.416, 0.03
 - 0, 0.3
2732.2
 P 0, 1
2758.52
 - 1265.08, 0.06
 - 366.762, 0.22
2806.2
 P 0, 1
2821.19
 - 2217.77, 0.16
 - 1007.31, 0.07
2835.93
 - 2113.13, 0.01
 - 1007.31, 0.03
 - 706.416, 0.67
 - 0, 0.25
2855.1
 P 0, 1
2904.32
 - 706.416, 0.17
 - 366.762, 0.08
2921.6
 - 706.416, 0.12
2959.2
 P 0, 1
2971.08
 - 366.762, 0.07
2987.59
 - 2330.11, 0.25
 - 1265.08, 0.33
 - 366.762, 0.05
3048.8
 P 0, 1
3059.3
 - 366.762, 0.07
3099.27
 - 1007.31, 0.38
3122.78
 - 366.762, 0.57
3182.99
 - 2971.08, 0.08
 - 2206.88, 0.05
 - 1725.42, 0.04
 U 1357.24, 0.09
 - 366.762, 0.09
3205.6
 - 2217.77, 0.03
3228
 P 0, 1
3240.16
 - 2505.31, 0.04
 - 2217.77, 0.05
 - 1976.4, 0.1
 - 366.762, 0.37
 - 136.495, 0.67
 - 0, 0.35
3302.02
 - 1627.27, 0.08
 U 1197.5, 0.14
 - 366.762, 0.05
3322.66
 - 2758.52, 0.22
 - 2206.88, 0.09
 - 1976.4, 0.06
 U 1357.24, 0.29
3336.56
 - 366.762, 0.18
3339.8
 U 2455.1, 0.28
3371.53
 - 2330.11, 0.03
 - 1725.42, 0.07
3427.67
 - 706.416, 1.37
 - 366.762, 0.15
 - 136.495, 0.3
3535.96
 - 1725.42, 0.25
3561.72
 - 2758.52, 0.21
 - 2113.13, 0.08
3608.56
 - 1627.27, 0.08
3655.2
 P 0, 1
3690.9
 P 0, 1
3791.63
 - 2330.11, 0.08
 - 2206.88, 0.07
 - 1725.42, 0.49
 - 1627.27, 0.2
 - 1265.08, 0.29
3862.41
 - 2206.88, 0.15
3922.6
 P 0, 1
3956.8
 P 0, 1
3982.17
 - 2821.19, 0.02
 - 2697.36, 0.1
 - 2599.99, 0.13
 - 0, 0.1
4004.87
 P 0, 1
4042.75
 - 1627.27, 0.16
4136.98
 - 3561.72, 0.19
 - 3302.02, 0.21
 - 3059.3, 0.04
 - 2921.6, 0.1
 U 2855.1, 0.09
 - 2835.93, 0.09
 - 2206.88, 0.06
4143.6
 - 1627.27, 0.1
4209.65
 - 3608.56, 0.14
 - 3182.99, 0.05
 - 3099.27, 0.05
 - 2904.32, 0.07
 - 2505.31, 0.03
 - 2113.13, 0.05
 - 1627.27, 0.09
 - 1265.08, 0.08
 - 366.762, 0.29
 - 136.495, 0.21
 - 0, 0.07
4378.98
 - 4042.75, 0.04
 - 3371.53, 0.03
 - 3122.78, 0.02
 - 1725.42, 0.05
 - 0, 0.16
4459.75
 U 3339.8, 0.02
 - 3099.27, 0.05
 - 2758.52, 0.11
 - 2113.13, 0.06
 - 1725.42, 0.15
 - 1627.27, 0.53
4572.5
 - 2599.99, 0.15
4597.7
 - 2564.37, 0.05
4691.68
 - 3336.56, 0.13
 - 3322.66, 0.13
 - 3205.6, 0.03
 U 2855.1, 0.06
 - 2835.93, 0.06
 - 2505.31, 0.04
 - 2206.88, 0.08
 - 136.495, 0.09
4893.2
 P 0, 1
4941.6
 P 0, 1
5112.2
 P 0, 1
5140.36
 - 3240.16, 0.06
 - 2564.37, 0.11
 - 2113.13, 0.11
5179.43
 - 3982.17, 0.36
 - 2697.36, 0.06
 - 136.495, 0.18
5221.61
 - 2835.93, 0.09
 - 2206.88, 0.12
 - 366.762, 0.1
5238.7
 - 1627.27, 0.05
5294.5
 P 0, 1
5400.2
 P 0, 1
5494.7
 P 0, 1
5544.9
 P 0, 1
5577.3
 P 0, 1
5606.5
 P 0, 1
5659.2
 P 0, 1
5703.1
 P 0, 1
5718.6
 P 0, 1
5804.3
 P 0, 1
5843.9
 P 0, 1
5886.1
 P 0, 1
5929
 P 0, 1
5955.2
 P 0, 1
5974.1
 P 0, 1
6140.2
 P 0, 1
6216
 P 0, 1
6234.19
 P 0, 1
6274.6
 P 0, 1
6427.65
 P 0, 1
6460.2
 P 0, 1
6602.3
 P 0, 1
7646.2
 - 5238.7, 0.1
 - 5221.61, 0.06
 - 5179.43, 0.08
 - 5140.36, 0.04
 - 4691.68, 0.36
 - 4597.7, 0.04
 - 4572.5, 0.11
 - 4459.75, 0.68
 - 4378.98, 1.29
 - 4209.65, 1.63
 - 4143.6, 0.18
 - 4136.98, 0.05
 - 3982.17, 0.13
 - 3791.63, 0.19
 - 3427.67, 6.77
 - 3371.53, 0.25
 - 3322.66, 0.12
 - 3240.16, 1.64
 - 3182.99, 0.52
 - 2987.59, 0.09
 - 2971.08, 0.4
 - 2921.6, 0.28
 - 2835.93, 1.85
 - 2821.19, 0.07
 - 2697.36, 0.85
 - 2599.99, 0.17
 - 2330.11, 0.09
 - 1725.42, 9.6
 - 1627.27, 9.9
 - 1265.08, 1.11
 - 366.762, 6
 - 0, 25
 U 6602.3, 0.07
 U 6460.2, 0.04
 U 6427.65, 0.07
 U 6274.6, 0.06
 U 6234.19, 0.17
 U 6216, 0.04
 U 6216, 0.22
 U 6140.2, 0.08
 U 5974.1, 0.04
 U 5955.2, 0.07
 U 5955.2, 0.27
 U 5929, 0.07
 U 5886.1, 0.12
 U 5843.9, 0.04
 U 5804.3, 0.09
 U 5718.6, 0.04
 U 5703.1, 0.29
 U 5659.2, 0.04
 U 5606.5, 0.05
 U 5606.5, 0.07
 U 5577.3, 0.11
 U 5544.9, 0.08
 U 5494.7, 0.17
 U 5400.2, 0.11
 U 5294.5, 0.11
 U 5112.2, 0.06
 U 4941.6, 0.05
 U 4893.2, 0.42
 - 4691.68, 0.07
 U 4004.87, 0.2
 U 4004.87, 0.03
 U 3956.8, 0.06
 U 3922.6, 0.18
 U 3690.9, 0.11
 U 3655.2, 0.05
 U 3228, 0.13
 U 3048.8, 0.15
 U 2959.2, 0.11
 U 2806.2, 0.07
 U 2806.2, 0.1
 U 2732.2, 0.15
 U 2466.5, 0.05
 - 2330.11, 0.18
 U 1915.56, 0.46
 U 1861.3, 0.19
 U 1744.8, 0.19
 U 1654.2, 0.22
 U 1544.1, 0.05
 U 1516.9, 0.12
 U 1426.8, 0.08
 U 1369.8, 0.12
 U 1097.7, 0.16
 U 928.8, 0.45
 U 904.2, 0.12
 U 447.2, 0.1
