412
 - 0, 19
931
 - 0, 2.1
1315
 - 0, 0.8
1918.1
 - 412, 0.7
 - 0, 2.1
1935.2
 P 0, 1
2050.9
 - 412, 1.7
 - 0, 2
2470.4
 - 412, 2
 - 0, 3.9
2681.2
 P 0, 1
2873
 - 0, 1.1
3028.9
 - 412, 2.4
 - 0, 2.6
3552.4
 - 0, 1.4
3790.4
 - 1918.1, 0.8
 - 412, 1.5
 - 0, 1.8
3906.8
 - 0, 0.8
4495.1
 - 0, 3.4
4708.3
 - 1918.1, 0.7
 - 0, 1.8
4763.2
 P 0, 1
4867.2
 - 412, 1.6
5119
 - 412, 1.8
5286.2
 P 0, 1
5338.2
 P 0, 1
5790.2
 P 0, 1
6258.2
 P 0, 1
6293.2
 P 0, 1
6628.2
 P 0, 1
8058.2
 P 0, 1
9298.2
 - 5119, 0.8
 - 4708.3, 2.6
 - 4495.1, 2.9
 - 3906.8, 1.2
 - 3790.4, 2.4
 - 3552.4, 2.3
 - 3028.9, 3.2
 - 2470.4, 1.9
 - 2050.9, 2
 - 412, 12.3
 - 0, 66
 U 8058.2, 1
 U 6628.2, 1.5
 U 6293.2, 1
 U 6258.2, 0.5
 U 5790.2, 1
 U 5338.2, 0.5
 U 5286.2, 0.3
 U 4763.2, 0.5
 U 2681.2, 0.7
 U 1935.2, 0.1
 - 1918.1, 0.1
