1172.77
 - 0, 76
2048.41
 - 1172.77, 14.3
2301.51
 - 1172.77, 6.8
 - 0, 10.4
2336.16
 - 1172.77, 5.8
2891.1
 - 1172.77, 1.2
3058.3
 - 2336.16, 0.65
 - 2301.51, 1.55
 - 1172.77, 1.7
 - 0, 0.5
3157.7
 - 2301.51, 0.55
 - 1172.77, 4.1
 - 0, 1.7
3257.44
 - 1172.77, 4
3269.79
 - 2301.51, 0.52
 - 2048.41, 5.2
 - 1172.77, 7.2
 - 0, 1.6
3370.2
 - 2891.1, 0.4
 - 2301.51, 0.35
 - 2048.41, 0.3
 - 0, 1.6
3518.34
 - 3058.3, 0.35
 - 2048.41, 0.45
 - 1172.77, 4.5
 - 0, 0.3
3522.67
 - 3257.44, 0.1
 - 3058.3, 1.5
 - 2336.16, 2.5
 - 2301.51, 5.2
3756.7
 - 2301.51, 0.4
 - 1172.77, 0.5
3849.22
 - 3269.79, 0.55
 - 2301.51, 0.5
3859.7
 - 2891.1, 0.52
 - 0, 1.6
3972.6
 - 3522.67, 0.04
 - 3269.79, 0.2
 - 1172.77, 1.8
 - 0, 1.2
4062.5
 - 2301.51, 1
 - 0, 0.9
4151
 - 3058.3, 0.9
 - 2336.16, 0.4
 - 2301.51, 0.6
4201.2
 - 3522.67, 0.55
4208.9
 P 0, 1
4231.9
 P 0, 1
4317
 - 0, 0.25
4416.1
 - 3370.2, 0.5
 - 0, 0.4
4509.3
 P 0, 1
4561.3
 P 0, 1
4578.3
 P 0, 1
4627.4
 - 4317, 0.09
 - 2336.16, 0.28
 - 1172.77, 0.35
4719.5
 - 3058.3, 0.4
 - 1172.77, 0.35
4989.3
 P 0, 1
4999.6
 - 1172.77, 0.55
 - 0, 0.45
5026.3
 P 0, 1
5057.3
 P 0, 1
5156.3
 P 0, 1
5210.3
 P 0, 1
5242.3
 P 0, 1
5304.3
 P 0, 1
5434.3
 P 0, 1
5522.3
 P 0, 1
5544.3
 P 0, 1
5559.3
 P 0, 1
5578.3
 P 0, 1
5716.3
 P 0, 1
5746.3
 P 0, 1
5865.3
 P 0, 1
5883.3
 P 0, 1
6030.3
 P 0, 1
6114.3
 P 0, 1
6172.3
 P 0, 1
6217.3
 P 0, 1
6255.3
 P 0, 1
6469.3
 P 0, 1
6561.3
 P 0, 1
6615.3
 P 0, 1
6633.3
 P 0, 1
6716.3
 P 0, 1
6784.3
 P 0, 1
7122.3
 P 0, 1
7153.3
 P 0, 1
7301.3
 P 0, 1
7389.3
 P 0, 1
7421.3
 P 0, 1
7501.3
 P 0, 1
7564.3
 P 0, 1
7612.3
 P 0, 1
7624.3
 P 0, 1
7635.3
 P 0, 1
7646.3
 P 0, 1
8407.8
 P 0, 1
8440.5
 P 0, 1
8491.6
 P 0, 1
8547.6
 P 0, 1
8561.9
 P 0, 1
9057.7
 P 0, 1
10596.3
 - 4999.6, 0.15
 - 4719.5, 0.3
 - 4627.4, 0.7
 - 4416.1, 1
 - 4317, 0.4
 U 4231.9, 0.5
 U 4208.9, 0.4
 - 4201.2, 0.5
 - 4151, 1.2
 - 4062.5, 1.8
 - 3972.6, 1.7
 - 3859.7, 1.2
 - 3849.22, 1.3
 - 3522.67, 1.5
 - 3518.34, 3.6
 - 3269.79, 4.8
 - 3257.44, 1.4
 - 3157.7, 2
 - 2891.1, 1.3
 - 2301.51, 0.8
 - 2048.41, 4.6
 - 1172.77, 5
 - 0, 3.7
 U 9057.7, 0.3
 U 8561.9, 0.7
 U 8547.6, 0.5
 U 8491.6, 0.9
 U 8440.5, 0.5
 U 8407.8, 0.23
 U 8407.8, 0.4
 U 7646.3, 0.55
 U 7635.3, 0.6
 U 7624.3, 1.05
 U 7612.3, 0.65
 U 7564.3, 0.35
 U 7501.3, 0.6
 U 7421.3, 0.3
 U 7389.3, 0.4
 U 7301.3, 0.6
 U 7153.3, 0.4
 U 7122.3, 0.25
 U 6784.3, 0.55
 U 6716.3, 0.4
 U 6633.3, 0.15
 U 6615.3, 0.5
 U 6615.3, 0.45
 U 6561.3, 0.6
 U 6561.3, 0.25
 U 6469.3, 0.45
 U 6255.3, 0.35
 U 6217.3, 0.3
 U 6172.3, 0.35
 U 6114.3, 0.25
 U 6030.3, 0.2
 U 5883.3, 0.25
 U 5865.3, 0.15
 U 5746.3, 0.5
 U 5716.3, 0.25
 U 5578.3, 0.3
 U 5559.3, 0.45
 U 5544.3, 0.15
 U 5522.3, 0.15
 U 5434.3, 0.5
 U 5304.3, 0.8
 U 5304.3, 0.15
 U 5242.3, 0.25
 U 5210.3, 0.5
 U 5156.3, 0.2
 U 5057.3, 0.4
 U 5026.3, 0.2
 U 4989.3, 0.35
 U 4578.3, 0.25
 U 4561.3, 0.2
 U 4509.3, 0.25
