63.15
 - 0, 12
310.15
 - 63.15, 0.5
 - 0, 22
345.52
 P 0, 1
678.32
 P 0, 1
692.18
 - 310.15, 0.7
 - 63.15, 7
 - 0, 1.4
1368.02
 P 0, 1
1417.7
 - 692.18, 0.2
 - 310.15, 3.6
 - 0, 0.2
1920
 P 0, 1
2146.71
 - 63.15, 0.6
 - 0, 0.62
2245.42
 P 0, 1
2324.4
 P 0, 1
2711.4
 - 310.15, 0.58
 - 63.15, 0.22
2878.92
 P 0, 1
2998.42
 P 0, 1
3009.5
 P 0, 1
3278.5
 P 0, 1
3962.2
 - 310.15, 0.08
 - 0, 0.08
4752.22
 P 0, 1
6098.22
 U 3278.5, 0.19
 U 3009.5, 0.26
 - 2711.4, 0.83
 U 2324.4, 0.32
 - 2146.71, 1.13
 U 1920, 0.12
 - 1417.7, 3.81
 - 692.18, 8.9
 - 310.15, 17.7
 - 63.15, 67
 U 4752.22, 2.4
 U 3278.5, 0.07
 U 2998.42, 0.07
 U 2878.92, 0.11
 U 2245.42, 0.1
 U 1368.02, 0.06
 U 678.32, 0.14
 U 345.52, 0.08
