155.57
 - 0, 7
517.68
 - 155.57, 2.9
 - 0, 0.36
1001.1
 - 517.68, 1.49
 - 155.57, 1.66
 - 0, 0.11
1324.01
 - 155.57, 0.53
 - 0, 0.22
2353
 - 0, 0.3
2696.3
 - 155.57, 0.23
 - 0, 0.11
3014
 P 0, 1
3202.9
 P 0, 1
3237
 - 0, 0.01
3283.6
 - 155.57, 0.04
3419.1
 P 0, 1
3475.6
 P 0, 1
3582.1
 P 0, 1
3632.9
 - 517.68, 0.04
 - 155.57, 0.13
3739.6
 - 517.68, 0.02
 - 155.57, 0.13
 - 0, 0.11
4055
 - 155.57, 0.03
 - 0, 0.04
4312.9
 P 0, 1
4331
 - 155.57, 0.01
 - 0, 0.03
4459.9
 - 0, 0.04
6838.7
 - 4459.9, 0.12
 - 4055, 0.12
 - 3739.6, 0.48
 - 3632.9, 0.26
 - 3283.6, 0.08
 - 3237, 0.04
 - 2696.3, 0.46
 - 2353, 0.36
 - 1324.01, 1.7
 - 1001.1, 6.5
 - 517.68, 4.1
 - 155.57, 1.47
 - 0, 86
 U 4312.9, 0.05
 U 3582.1, 0.05
 U 3475.6, 0.03
 U 3419.1, 0.07
 U 3202.9, 0.03
 U 3014, 0.02
