1345.78
 - 0, 57
1454.46
 P 0, 1
1742.36
 P 0, 1
1780.76
 P 0, 1
1796.96
 P 0, 1
1817.06
 P 0, 1
1857.56
 P 0, 1
1976.96
 P 0, 1
2007.75
 P 0, 1
2068.46
 P 0, 1
2104.46
 P 0, 1
2191.86
 P 0, 1
2220.06
 P 0, 1
2230.06
 P 0, 1
2264.66
 P 0, 1
2276.58
 - 1345.78, 10.9
2318.66
 P 0, 1
2332.06
 P 0, 1
2361.86
 P 0, 1
2384.01
 P 0, 1
2407.36
 P 0, 1
2424.36
 P 0, 1
2468.26
 P 0, 1
2479.86
 P 0, 1
2499.86
 P 0, 1
2571.43
 P 0, 1
2582.16
 P 0, 1
2599.86
 P 0, 1
2642.06
 P 0, 1
2867.35
 - 1345.78, 0.42
2972.11
 - 1345.78, 0.4
 - 0, 0.28
3025.85
 - 2276.58, 1.12
 - 1345.78, 24
3153.73
 - 2276.58, 0.8
 - 1345.78, 0.83
 - 0, 1.1
3275.99
 - 1345.78, 0.21
 - 0, 0.65
3463.63
 - 3153.73, 0.11
 - 2972.11, 0.025
 - 2276.58, 2.5
 - 1345.78, 0.49
3578.61
 - 1345.78, 1.04
 - 0, 0.317
3647.98
 - 1345.78, 0.58
 - 0, 0.312
3696.81
 P 0, 1
3749.01
 - 1345.78, 0.54
 - 0, 0.16
4017.87
 P 0, 1
4180.55
 P 0, 1
4268.26
 - 3153.73, 1.08
 - 1345.78, 0.117
4498.89
 P 0, 1
4527.57
 P 0, 1
4573.15
 - 1345.78, 0.61
 - 0, 0.304
4615.6
 - 2276.58, 0.34
 - 0, 0.456
4640.68
 - 1345.78, 0.429
 - 0, 0.62
4704.09
 - 2276.58, 0.37
 - 1345.78, 0.59
4765.59
 P 0, 1
4868.53
 - 1345.78, 4.35
 - 0, 0.149
4892.49
 P 0, 1
5114.64
 P 0, 1
5144.8
 P 0, 1
5155.52
 - 2276.58, 0.146
 - 1345.78, 0.176
5214.05
 P 0, 1
5306.43
 P 0, 1
5357.79
 P 0, 1
5393.43
 P 0, 1
5418.22
 - 1345.78, 0.149
 - 0, 0.143
5477.59
 P 0, 1
5488.57
 P 0, 1
5610.17
 P 0, 1
5646.1
 P 0, 1
5696.65
 P 0, 1
5768.67
 - 2276.58, 0.22
 - 1345.78, 0.269
5789.73
 P 0, 1
5820.77
 P 0, 1
5858.92
 P 0, 1
5889.15
 P 0, 1
5961.38
 P 0, 1
6627.76
 P 0, 1
6701.05
 P 0, 1
6732.11
 P 0, 1
6769.42
 P 0, 1
6820.37
 P 0, 1
6891.9
 P 0, 1
6910.03
 P 0, 1
6970.81
 P 0, 1
7086.22
 P 0, 1
7157.1
 P 0, 1
7443.19
 P 0, 1
7467.65
 P 0, 1
7598.15
 P 0, 1
8020.63
 P 0, 1
9657.66
 - 5768.67, 0.9
 - 5418.22, 0.351
 - 5155.52, 0.38
 - 4868.53, 4.61
 - 4704.09, 1.19
 - 4640.68, 1.13
 - 4615.6, 0.74
 - 4573.15, 1.02
 - 4268.26, 1.31
 - 3749.01, 0.402
 - 3647.98, 0.6
 - 3463.63, 2.55
 - 3275.99, 0.378
 - 3153.73, 0.204
 - 3025.85, 21.6
 - 2276.58, 2.45
 - 1345.78, 5.6
 - 0, 46
 U 8020.63, 0.3
 U 7598.15, 0.201
 U 7467.65, 0.29
 U 7467.65, 0.218
 U 7443.19, 0.27
 U 7157.1, 0.129
 U 7157.1, 0.098
 U 7086.22, 0.124
 U 6970.81, 0.237
 U 6910.03, 0.124
 U 6891.9, 0.1
 U 6820.37, 0.11
 U 6769.42, 0.116
 U 6732.11, 0.167
 U 6701.05, 0.123
 U 6627.76, 0.186
 U 5961.38, 0.234
 U 5889.15, 0.13
 U 5858.92, 0.52
 U 5820.77, 0.156
 U 5789.73, 0.262
 U 5696.65, 0.112
 U 5646.1, 0.152
 U 5646.1, 0.36
 U 5610.17, 0.185
 U 5488.57, 0.62
 U 5477.59, 0.402
 U 5393.43, 0.303
 U 5357.79, 0.215
 U 5306.43, 0.08
 U 5214.05, 0.198
 U 5144.8, 0.206
 U 5114.64, 0.118
 U 4892.49, 0.373
 U 4765.59, 0.378
 U 4527.57, 0.122
 U 4498.89, 0.126
 U 4180.55, 0.173
 U 4017.87, 0.16
 U 3696.81, 0.141
 U 2642.06, 0.023
 U 2599.86, 0.018
 U 2582.16, 0.019
 U 2571.43, 0.066
 U 2499.86, 0.014
 U 2479.86, 0.024
 U 2468.26, 0.013
 U 2424.36, 0.013
 U 2407.36, 0.01
 U 2407.36, 0.009
 U 2384.01, 0.045
 U 2361.86, 0.008
 U 2361.86, 0.009
 U 2332.06, 0.022
 U 2318.66, 0.011
 U 2318.66, 0.018
 U 2264.66, 0.027
 U 2230.06, 0.012
 U 2220.06, 0.01
 U 2191.86, 0.02
 U 2104.46, 0.01
 U 2068.46, 0.022
 U 2068.46, 0.114
 U 2007.75, 0.083
 U 1976.96, 0.013
 U 1857.56, 0.011
 U 1817.06, 0.023
 U 1796.96, 0.015
 U 1780.76, 0.01
 U 1780.76, 0.016
 U 1742.36, 0.031
 U 1742.36, 0.03
 U 1454.46, 0.016
