116
 - 0, 1
770
 - 0, 1.5
866
 - 0, 1.8
909
 - 0, 6.9
1468
 - 909, 1.1
1907
 P 0, 1
2080
 P 0, 1
2202
 - 909, 2.2
2216
 P 0, 1
2438
 P 0, 1
2458
 - 866, 1.8
2493
 P 0, 1
2573
 P 0, 1
2639
 P 0, 1
2732
 P 0, 1
2774.4
 P 0, 1
2996
 P 0, 1
3005
 P 0, 1
3057
 P 0, 1
3109
 P 0, 1
3150
 - 0, 1
3192
 P 0, 1
3329
 P 0, 1
3468
 P 0, 1
3589
 P 0, 1
3734
 P 0, 1
3815
 P 0, 1
4024
 P 0, 1
4039
 P 0, 1
4393
 P 0, 1
4620
 P 0, 1
4639
 P 0, 1
5547
 P 0, 1
6401.4
 P 0, 1
7979.4
 U 5547, 1.26
 U 4639, 0.59
 U 4620, 0.48
 U 4393, 0.66
 U 4039, 0.44
 U 4024, 0.52
 U 3815, 1.16
 U 3734, 0.81
 U 3589, 0.81
 U 3468, 0.44
 U 3329, 0.43
 U 3192, 0.87
 - 3150, 2.29
 U 3109, 1.29
 U 3057, 0.65
 U 3005, 0.6
 U 2996, 0.57
 U 2732, 0.89
 U 2639, 0.5
 U 2573, 0.74
 U 2493, 0.51
 - 2458, 1.4
 U 2438, 1.58
 U 2216, 0.96
 - 2202, 4.6
 U 2080, 0.53
 U 1907, 0.43
 - 1468, 4.04
 - 909, 6.92
 - 866, 6.72
 U 6401.4, 1.2
 U 2774.4, 0.3
 - 116, 47.8
