1077.38
 - 0, 75
1655.94
 - 1077.38, 2.25
1883.16
 - 1655.94, 0.006
 - 1077.38, 9.075
 - 0, 14.025
2338.4
 - 1077.38, 8.475
2417.38
 - 1883.16, 0.0525
 - 1077.38, 9.45
2750.73
 - 2338.4, 0.42
 - 1077.38, 5.475
2821.7
 - 2338.4, 0.0825
 - 1077.38, 3.075
 - 0, 0.3075
2959.4
 - 2417.38, 0.135
 - 1077.38, 1.125
3009.24
 - 2417.38, 0.2775
 - 2338.4, 0.2325
 - 1883.16, 4.875
 - 1077.38, 0.57
3102.54
 - 1883.16, 0.3825
3184.18
 - 2338.4, 0.0975
 - 1883.16, 0.3825
 - 1077.38, 1.5
 - 0, 0.4875
3214.08
 P 0, 1
3281.47
 - 2417.38, 1.5
 - 1883.16, 0.24
3287.04
 - 2821.7, 0.05775
 - 1883.16, 0.1575
 - 1655.94, 0.5325
 - 1077.38, 3.675
 - 0, 1.7775
3334.7
 - 2338.4, 0.0825
 - 1883.16, 0.0975
 - 1077.38, 0.1575
3380.7
 - 1077.38, 0.1575
 - 0, 0.21
3424.93
 - 1883.16, 0.5175
 - 1077.38, 0.975
3429.44
 - 2338.4, 0.42
 - 1883.16, 1.5
 - 1077.38, 0.75
 - 0, 0.18
3458.65
 - 2417.38, 0.5175
3495.78
 - 2750.73, 0.06
 - 1883.16, 0.105
 - 1077.38, 1.95
3587.14
 - 2750.73, 0.465
3599.1
 - 0, 0.1875
3630.27
 - 3281.47, 0.02475
 - 3009.24, 0.3
 - 2750.73, 0.7125
 - 2417.38, 0.165
 - 0, 0.4875
3664.65
 - 1883.16, 0.66
 - 1077.38, 0.4275
 - 0, 0.24
3704.8
 - 1077.38, 0.3075
3709.3
 - 1077.38, 0.21
3725.83
 - 2821.7, 0.0825
 - 2750.73, 0.0975
 - 2338.4, 0.4725
 - 1077.38, 0.75
3776.29
 - 2338.4, 0.3825
 - 1077.38, 0.2175
 - 0, 0.615
3815.5
 - 1077.38, 1.125
 - 0, 0.42
3832.58
 P 0, 1
3849.28
 - 2417.38, 0.5325
 - 2338.4, 0.0675
3895.81
 - 2959.4, 0.1275
 - 2417.38, 0.5775
 - 2338.4, 0.045
3910.89
 - 3281.47, 0.09
 - 2417.38, 0.2925
 - 2338.4, 0.0675
 - 1883.16, 0.3075
3935.1
 - 2821.7, 0.18
 - 2750.73, 0.225
 - 2338.4, 0.1425
 - 1077.38, 1.875
 - 0, 0.1125
4027.5
 - 3009.24, 0.0675
 - 2750.73, 0.1125
 - 0, 0.42
4139.7
 - 1077.38, 0.675
 - 0, 0.1275
4167.18
 P 0, 1
4193.68
 P 0, 1
4215.3
 - 1077.38, 0.5775
 - 0, 0.1575
4231.78
 P 0, 1
4261.98
 P 0, 1
4283.9
 - 3009.24, 0.075
 - 2750.73, 0.1425
 - 1077.38, 0.3675
4309.68
 P 0, 1
4325.6
 - 0, 0.5325
4341.88
 P 0, 1
4371.48
 P 0, 1
4408.6
 - 2959.4, 0.12
 - 1077.38, 0.9375
4441.48
 P 0, 1
4475.18
 P 0, 1
4512.2
 - 2417.38, 0.3825
 - 1077.38, 0.3
 - 0, 0.3075
4520.3
 - 2821.7, 0.1425
 - 2338.4, 0.2625
 - 0, 0.57
4535.6
 - 1077.38, 0.9375
 - 0, 0.2775
4588.08
 P 0, 1
4619.48
 P 0, 1
4642.4
 - 1077.38, 0.1425
 - 0, 0.21
4653.18
 P 0, 1
4682.38
 P 0, 1
4723.8
 - 2821.7, 0.225
 - 0, 0.3675
4733
 - 3009.24, 0.1425
 - 1655.94, 0.3375
 - 1077.38, 0.15
 - 0, 0.1275
4743.98
 P 0, 1
4765.28
 P 0, 1
4817.28
 P 0, 1
4851.4
 - 3935.1, 0.0525
 - 3664.65, 0.09
 - 2338.4, 0.5625
4857.9
 - 1655.94, 0.225
 - 0, 0.255
4910.5
 - 1883.16, 0.105
 - 1655.94, 0.1275
 - 1077.38, 0.9825
4951.7
 - 3184.18, 0.21
 - 1883.16, 0.255
 - 1077.38, 0.69
4963.3
 - 1077.38, 0.2775
4978.48
 P 0, 1
4991.6
 - 1883.16, 0.2175
 - 1077.38, 0.255
 - 0, 0.195
5003.78
 P 0, 1
5017.08
 P 0, 1
5035.48
 P 0, 1
5094.38
 P 0, 1
5113.58
 P 0, 1
5124.28
 P 0, 1
5148.18
 P 0, 1
5161.58
 P 0, 1
5187.1
 - 2417.38, 0.3825
 - 1077.38, 0.12
5220.28
 P 0, 1
5262.88
 P 0, 1
5283.6
 - 2417.38, 0.45
 - 2338.4, 0.2325
 - 1883.16, 0.2325
5298.1
 - 2750.73, 0.525
 - 2338.4, 0.225
 - 1883.16, 0.48
 - 1077.38, 0.15
 - 0, 0.1575
5306.8
 - 1655.94, 0.33
5371.18
 P 0, 1
5387.38
 P 0, 1
5400.3
 - 3009.24, 0.2475
 - 2417.38, 0.495
5403.1
 - 1883.16, 0.3075
 - 0, 0.2325
5415.1
 - 1077.38, 0.3675
 - 0, 0.21
5430.18
 P 0, 1
5445.78
 P 0, 1
5486.28
 P 0, 1
5516.48
 P 0, 1
5527.38
 P 0, 1
5547.58
 P 0, 1
5565.2
 - 2750.73, 0.2175
 - 2417.38, 0.195
 - 2338.4, 0.375
5578.88
 P 0, 1
5588.98
 P 0, 1
5601.18
 P 0, 1
5618.28
 P 0, 1
5640.58
 P 0, 1
5656.88
 P 0, 1
5669.88
 P 0, 1
5693.4
 - 2417.38, 0.4125
5704.18
 P 0, 1
5719.78
 P 0, 1
5731.88
 P 0, 1
5749.38
 P 0, 1
5760.58
 P 0, 1
5786.88
 P 0, 1
5798.18
 P 0, 1
5816.18
 P 0, 1
5835.78
 P 0, 1
5850.68
 P 0, 1
5864.08
 P 0, 1
5885.98
 P 0, 1
5901.88
 P 0, 1
5916.38
 P 0, 1
5941.58
 P 0, 1
5956.18
 P 0, 1
5968.58
 P 0, 1
6001.28
 P 0, 1
6012.78
 P 0, 1
6040.18
 P 0, 1
6051.88
 P 0, 1
6065.68
 P 0, 1
6077.68
 P 0, 1
6115.18
 P 0, 1
6128.68
 P 0, 1
6144.68
 P 0, 1
6174.08
 P 0, 1
6227.18
 P 0, 1
6239.48
 P 0, 1
6251.38
 P 0, 1
6297.28
 P 0, 1
6331.28
 P 0, 1
6359.58
 P 0, 1
6374.48
 P 0, 1
6397.38
 P 0, 1
6425.78
 P 0, 1
6466.98
 P 0, 1
6481.58
 P 0, 1
6502.88
 P 0, 1
6513.88
 P 0, 1
6528.88
 P 0, 1
6553.78
 P 0, 1
6585.08
 P 0, 1
6602.88
 P 0, 1
6617.58
 P 0, 1
6634.88
 P 0, 1
6648.98
 P 0, 1
6659.78
 P 0, 1
6688.18
 P 0, 1
6706.28
 P 0, 1
6745.48
 P 0, 1
6785.68
 P 0, 1
6803.98
 P 0, 1
6821.88
 P 0, 1
6839.88
 P 0, 1
6859.38
 P 0, 1
6904.18
 P 0, 1
6934.38
 P 0, 1
6954.18
 P 0, 1
6983.18
 P 0, 1
7046.18
 P 0, 1
7087.18
 P 0, 1
7116.18
 P 0, 1
7140.48
 P 0, 1
7154.08
 P 0, 1
7210.38
 P 0, 1
7232.58
 P 0, 1
7304.68
 P 0, 1
7320.08
 P 0, 1
7347.08
 P 0, 1
7373.38
 P 0, 1
7442.08
 P 0, 1
7468.08
 P 0, 1
7490.38
 P 0, 1
7502.28
 P 0, 1
7545.98
 P 0, 1
7561.08
 P 0, 1
7587.78
 P 0, 1
7606.78
 P 0, 1
7691.78
 P 0, 1
7759.18
 P 0, 1
8053.38
 P 0, 1
8272.18
 P 0, 1
8406.78
 P 0, 1
8420.48
 P 0, 1
8439.78
 P 0, 1
8492.38
 P 0, 1
8508.08
 P 0, 1
8553.08
 P 0, 1
8573.88
 P 0, 1
8679.78
 P 0, 1
8714.18
 P 0, 1
8734.78
 P 0, 1
8825.78
 P 0, 1
8844.48
 P 0, 1
8870.58
 P 0, 1
8884.98
 P 0, 1
8912.38
 P 0, 1
8967.78
 P 0, 1
8989.18
 P 0, 1
8999.98
 P 0, 1
9026.76
 P 0, 1
9038.88
 P 0, 1
9050.58
 P 0, 1
9094.58
 P 0, 1
9151.88
 P 0, 1
9172.53
 P 0, 1
10198.1
 - 5693.4, 0.8325
 - 5565.2, 0.69
 - 5415.1, 0.9
 - 5403.1, 0.7425
 - 5400.3, 0.465
 - 5306.8, 0.6075
 - 5298.1, 1.0725
 - 5283.6, 0.8925
 - 5187.1, 0.555
 - 4991.6, 0.435
 - 4963.3, 0.45
 - 4951.7, 1.1175
 - 4910.5, 0.96
 - 4857.9, 0.3375
 - 4851.4, 0.7725
 - 4733, 0.3
 - 4723.8, 0.5325
 - 4642.4, 0.1575
 - 4535.6, 1.32
 - 4520.3, 1.05
 - 4512.2, 1.0425
 - 4408.6, 0.9075
 - 4283.9, 0.5925
 - 4215.3, 0.6
 - 4139.7, 0.1575
 - 4027.5, 0.2925
 - 3935.1, 1.755
 - 3910.89, 0.48
 - 3895.81, 0.3675
 - 3849.28, 0.3375
 - 3776.29, 0.615
 - 3725.83, 0.495
 - 3664.65, 0.195
 - 3630.27, 0.3075
 - 3587.14, 0.24
 - 3495.78, 1.32
 - 3429.44, 2.325
 - 3424.93, 0.57
 - 3287.04, 4.5
 - 3184.18, 0.3825
 - 3009.24, 2.6175
 - 2959.4, 0.21
 - 2750.73, 0.21
 - 2417.38, 0.045
 - 2338.4, 1.6875
 - 1883.16, 2.04
 - 1077.38, 2.895
 U 9172.53, 0.2925
 U 9151.88, 0.0975
 U 9094.58, 0.18
 U 9050.58, 0.075
 U 9038.88, 0.12
 U 9038.88, 0.09
 U 9026.76, 0.5475
 U 9026.76, 0.0675
 U 8999.98, 0.1425
 U 8989.18, 0.045
 U 8967.78, 0.105
 U 8967.78, 0.09
 U 8912.38, 0.09
 U 8884.98, 0.105
 U 8870.58, 0.1125
 U 8844.48, 0.075
 U 8825.78, 0.12
 U 8734.78, 0.165
 U 8714.18, 0.06
 U 8714.18, 0.06
 U 8679.78, 0.1425
 U 8573.88, 0.4125
 U 8573.88, 0.165
 U 8553.08, 0.15
 U 8553.08, 0.135
 U 8508.08, 0.1125
 U 8492.38, 0.18
 U 8439.78, 0.0975
 U 8420.48, 0.3375
 U 8406.78, 0.12
 U 8272.18, 0.135
 U 8053.38, 0.225
 U 7759.18, 0.105
 U 7691.78, 0.825
 U 7606.78, 0.495
 U 7587.78, 0.21
 U 7587.78, 0.2325
 U 7561.08, 0.2625
 U 7545.98, 0.585
 U 7502.28, 0.2325
 U 7490.38, 0.075
 U 7468.08, 0.1425
 U 7442.08, 0.195
 U 7373.38, 0.1875
 U 7347.08, 0.3675
 U 7320.08, 0.21
 U 7320.08, 0.255
 U 7304.68, 0.21
 U 7232.58, 0.2325
 U 7232.58, 0.2775
 U 7210.38, 0.12
 U 7210.38, 0.1125
 U 7154.08, 0.2325
 U 7154.08, 0.1425
 U 7140.48, 0.12
 U 7116.18, 0.405
 U 7087.18, 0.2625
 U 7087.18, 0.255
 U 7046.18, 0.24
 U 7046.18, 0.375
 U 6983.18, 0.225
 U 6954.18, 0.195
 U 6934.38, 0.3225
 U 6934.38, 0.18
 U 6904.18, 0.2325
 U 6859.38, 0.33
 U 6859.38, 0.8625
 U 6839.88, 0.465
 U 6821.88, 0.18
 U 6803.98, 0.3075
 U 6785.68, 0.255
 U 6745.48, 0.15
 U 6706.28, 0.195
 U 6688.18, 0.3375
 U 6659.78, 0.255
 U 6648.98, 0.21
 U 6634.88, 0.6
 U 6617.58, 0.1875
 U 6602.88, 0.0825
 U 6585.08, 0.1575
 U 6553.78, 0.5325
 U 6528.88, 0.195
 U 6513.88, 0.39
 U 6502.88, 0.2325
 U 6502.88, 0.2325
 U 6481.58, 0.3375
 U 6466.98, 0.5475
 U 6425.78, 0.555
 U 6397.38, 0.18
 U 6397.38, 0.105
 U 6374.48, 0.21
 U 6359.58, 0.165
 U 6331.28, 0.21
 U 6331.28, 0.4425
 U 6297.28, 0.39
 U 6251.38, 0.105
 U 6251.38, 0.255
 U 6239.48, 0.3
 U 6239.48, 0.2175
 U 6227.18, 0.3675
 U 6174.08, 0.21
 U 6144.68, 0.1275
 U 6144.68, 0.06
 U 6128.68, 0.555
 U 6128.68, 0.21
 U 6115.18, 0.4875
 U 6077.68, 0.3825
 U 6065.68, 0.225
 U 6051.88, 0.2175
 U 6040.18, 0.255
 U 6040.18, 0.1125
 U 6012.78, 0.3525
 U 6001.28, 0.1875
 U 5968.58, 0.105
 U 5956.18, 0.1575
 U 5941.58, 0.165
 U 5941.58, 0.18
 U 5916.38, 0.27
 U 5916.38, 0.3225
 U 5901.88, 0.12
 U 5885.98, 0.4875
 U 5864.08, 0.6
 U 5864.08, 0.3525
 U 5850.68, 0.5475
 U 5850.68, 0.2175
 U 5835.78, 0.2175
 U 5835.78, 0.2625
 U 5816.18, 0.255
 U 5798.18, 0.2625
 U 5786.88, 0.2325
 U 5760.58, 0.2625
 U 5749.38, 0.39
 U 5731.88, 0.3975
 U 5731.88, 0.3825
 U 5719.78, 0.2325
 U 5719.78, 0.24
 U 5704.18, 0.1875
 - 5693.4, 0.615
 U 5669.88, 0.21
 U 5656.88, 0.3525
 U 5640.58, 0.21
 U 5640.58, 0.3075
 U 5618.28, 0.1425
 U 5601.18, 0.1575
 U 5588.98, 0.195
 U 5578.88, 0.2325
 - 5565.2, 0.24
 U 5547.58, 0.33
 U 5547.58, 0.2325
 U 5527.38, 0.18
 U 5516.48, 0.33
 U 5486.28, 0.225
 U 5486.28, 0.24
 U 5445.78, 0.3675
 U 5445.78, 0.4875
 U 5430.18, 0.195
 - 5403.1, 0.255
 U 5387.38, 0.3225
 U 5371.18, 0.3
 U 5371.18, 0.165
 - 5306.8, 0.195
 - 5298.1, 0.225
 - 5283.6, 0.18
 U 5262.88, 0.21
 U 5220.28, 0.225
 - 5187.1, 0.2325
 - 5187.1, 0.405
 U 5161.58, 0.69
 U 5148.18, 0.225
 U 5124.28, 0.1275
 U 5113.58, 0.075
 U 5113.58, 0.5175
 U 5094.38, 0.15
 U 5094.38, 0.1875
 U 5035.48, 0.4575
 U 5035.48, 0.225
 U 5017.08, 0.165
 U 5003.78, 0.18
 U 4978.48, 0.1125
 U 4817.28, 0.24
 U 4817.28, 0.2625
 U 4765.28, 0.1875
 U 4765.28, 0.1425
 U 4743.98, 0.2625
 - 4723.8, 0.165
 U 4682.38, 0.1875
 U 4682.38, 0.24
 U 4653.18, 0.12
 U 4619.48, 0.3225
 U 4588.08, 0.21
 - 4520.3, 0.2175
 - 4512.2, 0.0825
 U 4475.18, 0.165
 U 4441.48, 0.06
 U 4441.48, 0.345
 - 4408.6, 0.12
 U 4371.48, 0.075
 U 4371.48, 0.27
 U 4341.88, 0.165
 U 4341.88, 0.165
 - 4325.6, 0.195
 U 4309.68, 0.255
 - 4283.9, 0.1125
 - 4283.9, 0.1275
 U 4261.98, 0.15
 U 4231.78, 0.1575
 U 4193.68, 0.1425
 U 4167.18, 0.1125
 - 4027.5, 0.1875
 U 3832.58, 0.045
 - 3704.8, 0.1875
 - 3599.1, 0.075
 U 3214.08, 0.0375
