508.94
 - 0, 75
651.02
 - 0, 16
691.16
 - 0, 48
878.7
 - 691.16, 31
995.1
 - 0, 2.2
1009.6
 - 691.16, 18
1014.6
 P 0, 1
1024.9
 - 651.02, 6.6
 - 508.94, 0.5
1140
 - 508.94, 2.5
 - 0, 5
1200.4
 - 651.02, 1.1
 - 508.94, 48
 - 0, 2.6
1252.6
 P 0, 1
1263.4
 - 651.02, 1.1
 - 508.94, 2
1307.5
 - 508.94, 1.6
1312.3
 - 0, 3
1359.2
 - 1200.4, 4.8
 - 508.94, 1.3
 - 0, 1.7
1414.3
 - 508.94, 0.6
1448.9
 - 651.02, 1.6
1457.1
 - 508.94, 0.7
 - 0, 1.7
1518.6
 - 691.16, 0.7
 - 0, 2.2
1533.3
 - 1140, 13
 - 1024.9, 75
 - 0, 1.3
1555.2
 - 995.1, 0.6
 - 651.02, 0.6
 - 508.94, 1.9
1622.7
 P 0, 1
1633.7
 P 0, 1
1691.7
 - 1263.4, 2.9
 - 651.02, 1.3
1720.8
 - 1359.2, 2.2
1726.3
 - 0, 1.5
1735.7
 P 0, 1
1794.3
 - 0, 0.8
1824.1
 P 0, 1
1846.7
 P 0, 1
1866.2
 - 0, 1.1
1906.8
 - 0, 1.3
1930.5
 - 0, 0.9
1937.7
 P 0, 1
1970.7
 P 0, 1
1984.7
 P 0, 1
2016.7
 P 0, 1
2026.7
 P 0, 1
2074.7
 P 0, 1
2115.4
 - 0, 1.4
2127
 P 0, 1
2142.8
 - 0, 1.3
2164.5
 - 0, 0.6
2189.7
 P 0, 1
2213.7
 P 0, 1
2233.7
 P 0, 1
2254.7
 P 0, 1
2319.7
 P 0, 1
2351.7
 P 0, 1
2388.7
 P 0, 1
2409.8
 - 0, 0.3
2430.7
 P 0, 1
2464.7
 - 0, 0.6
2477.7
 P 0, 1
2520.7
 P 0, 1
2548.7
 P 0, 1
2571.7
 P 0, 1
2585.9
 P 0, 1
2602.9
 P 0, 1
2624.7
 P 0, 1
2654.7
 P 0, 1
2674.9
 P 0, 1
2698.1
 - 0, 0.4
2731.9
 P 0, 1
2743.9
 P 0, 1
2757.9
 P 0, 1
2790.9
 P 0, 1
2800.9
 P 0, 1
2811.9
 P 0, 1
2830.9
 P 0, 1
2840.9
 P 0, 1
2857.9
 P 0, 1
2880.9
 P 0, 1
2900.9
 P 0, 1
2932.9
 P 0, 1
2942.9
 P 0, 1
2957.9
 P 0, 1
2971.9
 P 0, 1
2981.9
 P 0, 1
2993.9
 P 0, 1
3022.9
 P 0, 1
3033.9
 P 0, 1
3057.9
 P 0, 1
3072.9
 P 0, 1
3088.9
 P 0, 1
3106.9
 P 0, 1
3128.9
 P 0, 1
3142.9
 P 0, 1
3159.9
 P 0, 1
3186.9
 P 0, 1
3222.9
 P 0, 1
3239.9
 P 0, 1
3336.9
 P 0, 1
3447.9
 P 0, 1
3473.9
 P 0, 1
3501.9
 P 0, 1
3516.9
 P 0, 1
3620.9
 P 0, 1
3709.9
 P 0, 1
3733.9
 P 0, 1
3788.9
 P 0, 1
3826.9
 P 0, 1
3858.9
 P 0, 1
3879.9
 P 0, 1
3893.9
 P 0, 1
3908.9
 P 0, 1
3994.9
 P 0, 1
4072.9
 P 0, 1
4083.9
 P 0, 1
4093.9
 P 0, 1
4155.9
 P 0, 1
4167.9
 P 0, 1
4177.9
 P 0, 1
4229.9
 P 0, 1
4258.9
 P 0, 1
4276.9
 P 0, 1
4292.9
 P 0, 1
4524.9
 P 0, 1
4823.9
 P 0, 1
5040.9
 P 0, 1
5072.9
 P 0, 1
6168.9
 P 0, 1
6409.9
 P 0, 1
6482.9
 P 0, 1
6518.9
 P 0, 1
6595.9
 P 0, 1
7653.9
 - 2698.1, 2.2
 U 2654.7, 1.13
 U 2624.7, 0.18
 U 2571.7, 1.29
 U 2548.7, 0.39
 U 2520.7, 1.26
 U 2477.7, 0.58
 - 2464.7, 0.82
 U 2430.7, 0.55
 - 2409.8, 0.18
 U 2388.7, 0.16
 U 2351.7, 0.48
 U 2319.7, 0.79
 U 2254.7, 0.36
 U 2233.7, 0.1
 U 2213.7, 0.31
 U 2189.7, 0.13
 - 2164.5, 3
 - 2142.8, 0.74
 U 2127, 0.1
 - 2115.4, 1.24
 U 2074.7, 0.7
 U 2026.7, 1.65
 U 2016.7, 0.58
 U 1984.7, 0.57
 U 1970.7, 0.47
 U 1937.7, 0.19
 - 1930.5, 0.78
 - 1906.8, 1.36
 - 1866.2, 0.13
 U 1846.7, 2.1
 U 1824.1, 0.66
 - 1794.3, 0.47
 U 1735.7, 0.24
 - 1726.3, 0.84
 - 1720.8, 0.31
 - 1691.7, 0.29
 U 1633.7, 0.21
 U 1622.7, 0.18
 - 1555.2, 0.99
 - 1533.3, 0.99
 - 1518.6, 1.28
 - 1457.1, 0.81
 - 1448.9, 0.68
 - 1414.3, 0.55
 - 1359.2, 0.63
 - 1312.3, 0.95
 - 1307.5, 1.9
 - 1263.4, 4.9
 U 1252.6, 0.55
 - 1200.4, 0.36
 - 1140, 4
 - 1024.9, 0.61
 U 1014.6, 0.16
 - 995.1, 0.66
 - 691.16, 0.3
 - 651.02, 2.6
 - 508.94, 0.2
 - 0, 0.6
 U 6595.9, 0.4
 U 6518.9, 4.5
 U 6409.9, 2.6
 U 6168.9, 0.7
 U 5072.9, 0.8
 U 5040.9, 0.5
 U 4823.9, 0.9
 U 4524.9, 0.6
 U 4292.9, 0.5
 U 4276.9, 0.4
 U 4258.9, 0.1
 U 4229.9, 0.3
 U 4177.9, 0.5
 U 4167.9, 0.2
 U 4155.9, 0.1
 U 4093.9, 0.1
 U 4083.9, 0.3
 U 4072.9, 0.3
 U 3994.9, 0.3
 U 3908.9, 0.6
 U 3893.9, 0.3
 U 3879.9, 0.3
 U 3858.9, 0.3
 U 3826.9, 0.7
 U 3788.9, 0.5
 U 3733.9, 0.6
 U 3709.9, 0.4
 U 3620.9, 0.5
 U 3516.9, 0.2
 U 3501.9, 0.2
 U 3473.9, 0.5
 U 3447.9, 0.4
 U 3336.9, 0.5
 U 3336.9, 0.4
 U 3239.9, 0.9
 U 3222.9, 0.9
 U 3186.9, 0.7
 U 3159.9, 0.5
 U 3159.9, 0.16
 U 3142.9, 0.11
 U 3128.9, 0.15
 U 3106.9, 0.32
 U 3088.9, 0.18
 U 3088.9, 0.29
 U 3072.9, 0.26
 U 3072.9, 0.24
 U 3057.9, 0.63
 U 3033.9, 0.1
 U 3022.9, 0.21
 U 2993.9, 0.03
 U 2981.9, 0.16
 U 2971.9, 0.1
 U 2957.9, 2.4
 U 2942.9, 1.8
 U 2932.9, 0.36
 U 2900.9, 1.36
 U 2880.9, 0.26
 U 2880.9, 0.29
 U 2857.9, 0.21
 U 2840.9, 0.42
 U 2830.9, 1.71
 U 2811.9, 0.45
 U 2800.9, 0.7
 U 2790.9, 1.02
 U 2790.9, 0.27
 U 2757.9, 0.14
 U 2743.9, 0.4
 U 2731.9, 0.23
 U 2674.9, 0.45
 U 2654.7, 0.24
 U 2624.7, 0.61
 U 2602.9, 0.32
 U 2585.9, 0.57
 U 2585.9, 0.47
 U 2548.7, 0.29
 U 2520.7, 0.06
 - 2464.7, 0.5
 U 2430.7, 0.37
 U 2388.7, 0.57
 U 2351.7, 0.6
 U 2319.7, 0.24
