16.43
 P 0, 1
119.65
 U 16.43, 5.1
128.81
 U 16.43, 15.3
 - 0, 0.8
161.53
 U 16.43, 50
197.94
 U 16.43, 4
 - 0, 13.7
208.46
 - 128.81, 2.4
 U 119.65, 2.7
 U 16.43, 19.5
228.86
 U 16.43, 7.8
 - 0, 4.1
248.94
 - 0, 11.8
282.57
 U 161.53, 1.1
 - 128.81, 3
 U 119.65, 2
 U 16.43, 3.4
330.06
 - 197.94, 1.4
 U 119.65, 1.8
 U 16.43, 2
392.53
 - 282.57, 1.6
 - 208.46, 9.8
 - 197.94, 10.6
 U 161.53, 1.1
408.16
 - 197.94, 1.8
 U 161.53, 1
 - 0, 1.4
512.97
 - 248.94, 2.2
 - 128.81, 0.4
 U 119.65, 6.4
514.74
 - 208.46, 1.4
 U 161.53, 0.35
 U 16.43, 0.25
564.34
 - 248.94, 1.4
 - 208.46, 0.35
 U 161.53, 1.2
 U 119.65, 2
 U 16.43, 0.7
 - 0, 0.55
600.76
 - 282.57, 0.4
 - 248.94, 0.25
 - 197.94, 1.2
 U 161.53, 0.95
619.65
 - 228.86, 3.6
 - 208.46, 1.8
 U 16.43, 0.9
 - 0, 0.5
636.04
 - 330.06, 1.4
 - 282.57, 0.35
 U 16.43, 0.5
650.34
 U 161.53, 1.6
737.75
 - 248.94, 1.6
 - 128.81, 0.15
 U 119.65, 0.25
741.32
 - 330.06, 1.8
 - 282.57, 0.9
 - 208.46, 0.2
 U 161.53, 0.4
799
 P 0, 1
828.8
 P 0, 1
856.8
 P 0, 1
869.8
 P 0, 1
876.8
 P 0, 1
894
 P 0, 1
918.8
 P 0, 1
944.8
 P 0, 1
978.8
 P 0, 1
1002.8
 P 0, 1
1021.8
 P 0, 1
1032.8
 P 0, 1
1050.8
 P 0, 1
1060
 P 0, 1
1077
 P 0, 1
1115.8
 P 0, 1
1129.8
 P 0, 1
1149.8
 P 0, 1
1180.8
 P 0, 1
1186.8
 P 0, 1
1200.8
 P 0, 1
1206
 P 0, 1
1217
 P 0, 1
1238
 P 0, 1
1249
 P 0, 1
1262.8
 P 0, 1
1285.9
 P 0, 1
1296.9
 P 0, 1
1323.9
 P 0, 1
1359.9
 P 0, 1
1395.9
 P 0, 1
1428
 P 0, 1
1441.9
 P 0, 1
1465.9
 P 0, 1
1473
 P 0, 1
1489
 P 0, 1
1504.9
 P 0, 1
1515.9
 P 0, 1
1532.9
 P 0, 1
1612.9
 P 0, 1
1629.9
 P 0, 1
1652.9
 P 0, 1
1680.9
 P 0, 1
1713.9
 P 0, 1
1727.9
 P 0, 1
1749.9
 P 0, 1
1758.9
 P 0, 1
1777
 P 0, 1
1790.9
 P 0, 1
1801.9
 P 0, 1
1815.9
 P 0, 1
1833.9
 P 0, 1
1841.9
 P 0, 1
1855.9
 P 0, 1
1869.9
 P 0, 1
1881.9
 P 0, 1
1897.9
 P 0, 1
1913
 P 0, 1
1917.9
 P 0, 1
1924.9
 P 0, 1
1941.9
 P 0, 1
1976.9
 P 0, 1
2007
 P 0, 1
2018
 P 0, 1
2024
 P 0, 1
2043
 P 0, 1
2056
 P 0, 1
2073
 P 0, 1
2117.1
 P 0, 1
2145.1
 P 0, 1
2165.1
 P 0, 1
2182.1
 P 0, 1
2210.1
 P 0, 1
2238.1
 P 0, 1
2253.1
 P 0, 1
2270.1
 P 0, 1
2290.1
 P 0, 1
2305.1
 P 0, 1
2331.1
 P 0, 1
2357.1
 P 0, 1
2393.1
 P 0, 1
2452.1
 P 0, 1
2470.1
 P 0, 1
2492.1
 P 0, 1
2502.1
 P 0, 1
2531.1
 P 0, 1
2544.1
 P 0, 1
2559.1
 P 0, 1
2579.1
 P 0, 1
2590.1
 P 0, 1
2614.1
 P 0, 1
2626.1
 P 0, 1
2661.1
 P 0, 1
2676.1
 P 0, 1
2706.1
 P 0, 1
2716.1
 P 0, 1
2728.1
 P 0, 1
2745.1
 P 0, 1
2756.1
 P 0, 1
2776.1
 P 0, 1
2787.1
 P 0, 1
2805.1
 P 0, 1
2859.1
 P 0, 1
2878.1
 P 0, 1
2906.1
 P 0, 1
2941.1
 P 0, 1
2953.1
 P 0, 1
2973.1
 P 0, 1
2985.1
 P 0, 1
3000.1
 P 0, 1
3019.1
 P 0, 1
3065.1
 P 0, 1
3078.1
 P 0, 1
3128.1
 P 0, 1
3151.1
 P 0, 1
3186.1
 P 0, 1
3218.1
 P 0, 1
3284.1
 P 0, 1
3362.1
 P 0, 1
3379.1
 P 0, 1
3582.1
 P 0, 1
3602.1
 P 0, 1
3622.1
 P 0, 1
3654.1
 P 0, 1
3911.1
 P 0, 1
4045.1
 P 0, 1
4101.1
 P 0, 1
4423.1
 P 0, 1
4457.1
 P 0, 1
6520.1
 U 2073, 0.3
 U 2056, 0.3
 U 1976.9, 1.01
 U 1941.9, 0.54
 U 1924.9, 0.26
 U 1917.9, 0.2
 U 1913, 0.06
 U 1897.9, 0.39
 U 1881.9, 0.12
 U 1869.9, 0.33
 U 1855.9, 0.33
 U 1841.9, 0.32
 U 1833.9, 0.65
 U 1815.9, 0.37
 U 1801.9, 0.42
 U 1790.9, 0.2
 U 1777, 0.06
 U 1758.9, 0.83
 U 1749.9, 0.16
 U 1727.9, 1.9
 U 1713.9, 0.29
 U 1680.9, 3.8
 U 1652.9, 1.9
 U 1629.9, 1.9
 U 1612.9, 0.09
 U 1532.9, 0.22
 U 1515.9, 0.24
 U 1504.9, 0.33
 U 1489, 0.16
 U 1473, 0.25
 U 1465.9, 0.89
 U 1441.9, 0.22
 U 1428, 0.67
 U 1395.9, 0.31
 U 1359.9, 1.34
 U 1323.9, 3.6
 U 1296.9, 1.5
 U 1285.9, 3.4
 U 1262.8, 0.41
 U 1249, 0.23
 U 1238, 0.12
 U 1217, 0.11
 U 1206, 0.14
 U 1200.8, 0.18
 U 1186.8, 1.9
 U 1180.8, 3.6
 U 1149.8, 0.22
 U 1129.8, 0.24
 U 1115.8, 0.31
 U 1077, 0.15
 U 1060, 0.38
 U 1050.8, 0.27
 U 1032.8, 0.84
 U 1021.8, 0.22
 U 1002.8, 0.1
 U 978.8, 0.89
 U 944.8, 0.1
 U 918.8, 5.6
 U 894, 0.06
 U 876.8, 0.61
 U 869.8, 1.34
 U 856.8, 0.97
 U 828.8, 1.9
 U 799, 1.9
 - 741.32, 2.1
 U 650.34, 0.24
 - 636.04, 0.89
 - 619.65, 1.52
 - 600.76, 1.26
 - 564.34, 0.3
 - 512.97, 5
 - 408.16, 4.7
 - 392.53, 1.9
 - 330.06, 1.29
 - 282.57, 0.27
 - 248.94, 0.09
 - 228.86, 0.11
 - 208.46, 1.6
 - 197.94, 1.25
 U 161.53, 9.5
 - 128.81, 0.2
 U 119.65, 0.23
 U 16.43, 0.33
 - 0, 1.55
 U 4457.1, 0.9
 U 4457.1, 1
 U 4423.1, 0.9
 U 4101.1, 0.5
 U 4045.1, 1.3
 U 3911.1, 0.5
 U 3654.1, 0.4
 U 3622.1, 0.2
 U 3602.1, 0.4
 U 3582.1, 0.4
 U 3379.1, 0.2
 U 3362.1, 0.4
 U 3284.1, 0.3
 U 3218.1, 0.6
 U 3186.1, 0.4
 U 3151.1, 0.2
 U 3151.1, 0.5
 U 3128.1, 0.2
 U 3078.1, 0.5
 U 3065.1, 0.7
 U 3065.1, 0.9
 U 3019.1, 0.7
 U 3019.1, 0.5
 U 3000.1, 0.6
 U 2985.1, 0.4
 U 2973.1, 0.2
 U 2973.1, 0.5
 U 2953.1, 0.4
 U 2941.1, 0.4
 U 2906.1, 0.4
 U 2878.1, 0.3
 U 2859.1, 0.6
 U 2805.1, 0.4
 U 2787.1, 0.9
 U 2776.1, 0.7
 U 2756.1, 0.2
 U 2745.1, 0.2
 U 2728.1, 0.2
 U 2716.1, 1
 U 2706.1, 0.3
 U 2676.1, 0.4
 U 2676.1, 0.5
 U 2661.1, 0.7
 U 2626.1, 0.6
 U 2614.1, 0.3
 U 2590.1, 0.6
 U 2579.1, 0.4
 U 2579.1, 0.4
 U 2559.1, 0.4
 U 2559.1, 0.4
 U 2544.1, 0.5
 U 2531.1, 1
 U 2502.1, 0.3
 U 2492.1, 0.9
 U 2470.1, 0.5
 U 2452.1, 0.6
 U 2393.1, 0.1
 U 2357.1, 0.1
 U 2357.1, 0.1
 U 2331.1, 0.5
 U 2331.1, 1
 U 2305.1, 0.2
 U 2290.1, 0.2
 U 2270.1, 1.3
 U 2270.1, 0.9
 U 2253.1, 0.4
 U 2238.1, 0.2
 U 2210.1, 0.6
 U 2182.1, 1.2
 U 2165.1, 0.6
 U 2145.1, 1.1
 U 2145.1, 0.8
 U 2117.1, 0.3
 U 2043, 1
 U 2024, 0.4
 U 2018, 0.5
 U 2007, 0.09
