159.69
 - 0, 7.3695
 E 0, 6.18301
224.9
 - 0, 0.4947
421.4
 - 0, 15.5295
492.03
 - 159.69, 0.1938
 - 0, 1.938
504.65
 - 421.4, 1.5606
 - 224.9, 0.2091
 - 0, 4.2585
618.87
 - 492.03, 0.06375
 - 421.4, 0.31875
 - 159.69, 3.366
 - 0, 0.4182
629.64
 - 159.69, 8.7465
651.31
 P 0, 1
760.38
 - 504.65, 0.0918
 - 224.9, 0.21675
 - 0, 0.102
884.03
 - 0, 1.275
910.67
 - 618.87, 0.04845
 - 492.03, 0.2142
1021.55
 - 629.64, 1.989
 - 618.87, 1.03275
 - 159.69, 13.107
1048.05
 - 618.87, 0.16575
 - 159.69, 3.8505
1052.67
 - 629.64, 0.714
1246.97
 - 421.4, 0.76245
 - 159.69, 2.193
1359.34
 - 618.87, 0.3672
1385.18
 - 760.38, 0.09435
 - 629.64, 0.1836
 - 618.87, 0.09435
 - 504.65, 0.17595
 - 492.03, 0.30855
 - 421.4, 0.0612
1535.32
 - 1048.05, 0.10965
 - 421.4, 1.02
1663.74
 - 1021.55, 0.102
 - 421.4, 0.612
 - 159.69, 0.2295
1775.33
 - 629.64, 0.4335
 - 421.4, 1.5453
1834.95
 - 618.87, 0.52785
1879.25
 - 1048.05, 2.8305
 - 629.64, 2.7285
 - 421.4, 4.4115
 - 159.69, 0.2805
1901.07
 - 159.69, 0.3876
1951.66
 - 884.03, 0.2601
 - 504.65, 0.26775
2063.23
 - 504.65, 2.346
 - 492.03, 0.1275
 - 421.4, 1.4739
 - 159.69, 0.816
2118.79
 - 421.4, 0.2754
2178.06
 - 504.65, 0.816
 - 421.4, 1.02
2195.19
 - 1052.67, 0.2499
 - 1048.05, 0.357
 - 1021.55, 0.28305
 - 159.69, 0.27285
2368.34
 - 1052.67, 0.408
 - 159.69, 0.306
2382.31
 P 0, 1
2432.71
 P 0, 1
2506.78
 - 629.64, 0.459
2660.56
 P 0, 1
2714.24
 P 0, 1
2786.3
 P 0, 1
2814.27
 - 629.64, 0.3519
3130.21
 P 0, 1
3150.31
 P 0, 1
3265.31
 P 0, 1
3287.1
 - 504.65, 0.765
3387.65
 P 0, 1
3516.23
 P 0, 1
3561.9
 P 0, 1
3672.21
 P 0, 1
3694.11
 P 0, 1
3749.81
 P 0, 1
3769.47
 P 0, 1
3920.74
 P 0, 1
3968.82
 P 0, 1
4045.04
 P 0, 1
4117.89
 P 0, 1
4462.71
 P 0, 1
4623.27
 P 0, 1
4695.94
 P 0, 1
4729.32
 P 0, 1
5029.32
 P 0, 1
6071.41
 - 3287.1, 0.3315
 - 2506.78, 0.6681
 - 2368.34, 1.122
 - 2195.19, 1.2036
 - 2178.06, 1.734
 - 2118.79, 0.31875
 - 2063.23, 5.355
 - 1951.66, 0.4845
 - 1901.07, 0.1377
 - 1879.25, 9.8175
 - 1834.95, 1.0557
 - 1775.33, 1.785
 - 1663.74, 0.62475
 - 1535.32, 0.9945
 - 1246.97, 1.428
 - 1052.67, 0.13515
 - 1021.55, 14.28
 - 629.64, 0.0765
 - 421.4, 0.4947
 - 159.69, 25.5
 U 5029.32, 0.3213
 U 4729.32, 0.17595
 U 4695.94, 0.36465
 U 4623.27, 0.29325
 U 4462.71, 0.153
 U 4117.89, 0.2142
 U 4117.89, 0.204
 U 4045.04, 0.14025
 U 4045.04, 0.3672
 U 3968.82, 0.1734
 U 3920.74, 0.81855
 U 3769.47, 0.14025
 U 3749.81, 0.408
 U 3694.11, 0.23205
 U 3672.21, 0.2244
 U 3672.21, 0.16575
 U 3561.9, 0.4335
 U 3516.23, 0.6885
 U 3516.23, 0.7905
 U 3387.65, 0.7905
 U 3265.31, 0.0867
 U 3150.31, 0.1785
 U 3130.21, 0.29325
 - 2814.27, 0.09945
 U 2786.3, 0.408
 U 2714.24, 0.65535
 U 2660.56, 0.3264
 U 2432.71, 0.5355
 U 2382.31, 0.1326
