174.976
 - 0, 25
499.867
 - 0, 24.1
525.17
 - 174.976, 1.02
708.151
 - 174.976, 0.5
 - 0, 12.5
747.22
 - 499.867, 1.88
 - 174.976, 2.24
 - 0, 1.3
808.14
 - 499.867, 1.56
 - 0, 4.6
831.315
 - 525.17, 1.97
 - 499.867, 1.6
 - 0, 6.7
1026.61
 - 747.22, 0.15
 - 499.867, 1.21
 - 174.976, 1.05
 - 0, 0.35
1095.44
 - 174.976, 0.91
 - 0, 7.5
1139.26
 - 499.867, 0.92
 - 0, 6.6
1205.13
 - 831.315, 0.29
1288.43
 - 708.151, 0.91
 - 499.867, 1.71
1298.68
 - 499.867, 0.99
 - 0, 7
1349.12
 - 831.315, 1.74
 - 525.17, 0.44
 - 0, 0.43
1378.75
 - 1095.44, 1.34
 - 174.976, 0.5
 - 0, 2.15
1416.2
 - 499.867, 0.99
 - 0, 0.73
1542.52
 - 525.17, 1.42
1558.9
 - 525.17, 0.68
1598.47
 - 499.867, 2.52
 - 174.976, 0.53
 - 0, 0.69
1631.2
 - 747.22, 1.46
 - 0, 2.52
1743.51
 - 808.14, 1.07
 - 0, 0.68
1793
 - 1349.12, 1.37
 - 174.976, 0.23
1836.03
 - 1378.75, 1.37
1940.61
 - 1378.75, 1.1
 - 0, 0.68
1964.99
 - 0, 1.71
2031.85
 - 0, 1.18
2224.45
 - 0, 0.52
2256.96
 - 0, 0.76
2351.49
 - 0, 1.6
2426.7
 P 0, 1
2435.1
 P 0, 1
2515.2
 P 0, 1
2780.11
 P 0, 1
2889.11
 P 0, 1
2901.61
 P 0, 1
2920.41
 P 0, 1
3102.41
 P 0, 1
3424.81
 P 0, 1
3522.01
 P 0, 1
3605.11
 P 0, 1
3705.61
 P 0, 1
3728.21
 P 0, 1
4040.41
 P 0, 1
5064.91
 P 0, 1
5192.91
 P 0, 1
5382.91
 P 0, 1
5450.61
 P 0, 1
5638.11
 P 0, 1
6377.91
 P 0, 1
6395.91
 P 0, 1
7415.91
 U 2515.2, 0.32
 U 2435.1, 0.61
 U 2426.7, 0.23
 - 2351.49, 1.04
 - 2256.96, 0.87
 - 2224.45, 0.71
 - 2031.85, 1.62
 - 1964.99, 3.5
 - 1743.51, 0.45
 - 1598.47, 3.49
 - 1542.52, 0.36
 - 1378.75, 5.5
 - 1298.68, 5.3
 - 1139.26, 2.62
 - 1095.44, 1.86
 - 831.315, 1.1
 - 808.14, 0.2
 - 708.151, 4.8
 - 499.867, 3.83
 - 0, 1.95
 U 6395.91, 0.6
 U 6377.91, 0.4
 U 5638.11, 0.4
 U 5450.61, 1
 U 5382.91, 1.4
 U 5192.91, 1.2
 U 5064.91, 1
 U 4040.41, 1.5
 U 3728.21, 0.47
 U 3705.61, 1.4
 U 3605.11, 0.41
 U 3522.01, 0.63
 U 3424.81, 1
 U 3102.41, 0.7
 U 2920.41, 0.41
 U 2901.61, 1.3
 U 2889.11, 0.36
 U 2780.11, 0.65
