68.82
 - 0, 3.8
353.58
 - 68.82, 2.67
499.01
 - 68.82, 2.4
501.54
 - 68.82, 1.6
763.3
 - 0, 1.75
915.51
 - 353.58, 1.49
931.74
 - 501.54, 2.4
1386.9
 P 0, 1
1544.5
 P 0, 1
1892.1
 P 0, 1
2132.1
 P 0, 1
2188.8
 P 0, 1
2210.5
 P 0, 1
2290.8
 P 0, 1
2401.6
 P 0, 1
2419.3
 P 0, 1
2483.5
 P 0, 1
2564.9
 P 0, 1
2706.2
 P 0, 1
2720.5
 P 0, 1
2774.8
 P 0, 1
2884.5
 P 0, 1
2930.5
 P 0, 1
2993.06
 P 0, 1
3078.56
 P 0, 1
3131.36
 P 0, 1
3262.66
 P 0, 1
3448.46
 P 0, 1
3642.16
 P 0, 1
6782.96
 U 2930.5, 0.33
 U 2884.5, 0.85
 U 2774.8, 0.52
 U 2720.5, 0.86
 U 2706.2, 0.9
 U 2564.9, 0.83
 U 2483.5, 0.29
 U 2419.3, 0.45
 U 2401.6, 0.33
 U 2290.8, 0.35
 U 2210.5, 0.26
 U 2188.8, 0.4
 U 2132.1, 0.39
 U 1892.1, 0.62
 U 1544.5, 0.32
 U 1386.9, 0.21
 - 931.74, 2.21
 - 915.51, 0.75
 U 3642.16, 0.78
 U 3448.46, 0.52
 U 3262.66, 0.24
 U 3131.36, 0.28
 U 3078.56, 0.32
 U 2993.06, 0.44
