139.81
 - 0, 11.456
 E 0, 17.4589
192.28
 - 139.81, 3.456
253.14
 - 0, 32
317.12
 - 192.28, 0.8288
 - 139.81, 6.464
 - 0, 1.9648
457.26
 - 253.14, 3.04
 - 0, 3.84
574.92
 - 253.14, 1.088
 - 0, 15.84
583.31
 - 139.81, 0.3904
673.98
 - 192.28, 4.8
 - 0, 1.408
762.18
 - 317.12, 5.12
 - 192.28, 1.312
 - 0, 1.152
885.81
 - 583.31, 0.8192
 - 574.92, 1.2864
 - 317.12, 0.3232
 - 253.14, 1.824
 - 0, 2.528
901.59
 - 457.26, 5.12
1137.22
 - 901.59, 0.3136
 - 574.92, 0.432
 - 457.26, 0.672
 - 317.12, 1.6256
 - 0, 1.312
1240.92
 - 457.26, 0.48
 - 253.14, 0.3168
1416.43
 - 574.92, 1.856
 - 0, 1.9104
1428.66
 - 253.14, 1.0464
 - 0, 0.3424
1502.31
 - 574.92, 1.6
 - 457.26, 0.672
 - 253.14, 1.024
 - 0, 0.7584
1514.78
 - 673.98, 0.4352
 - 0, 2.432
1688.23
 - 192.28, 1.4816
1798.23
 - 574.92, 3.68
 - 253.14, 2.1728
 - 0, 1.4336
1868.61
 - 583.31, 0.3776
2004.07
 P 0, 1
2065.58
 - 457.26, 0.3072
 - 192.28, 2.112
2091.16
 - 0, 1.472
2311.73
 - 192.28, 1.728
6505.8
 - 2311.73, 1.312
 - 2091.16, 2.464
 - 2065.58, 3.296
 U 2004.07, 0.7584
 - 1798.23, 8.256
 - 1688.23, 1.056
 - 1514.78, 2.528
 - 1502.31, 3.008
 - 1428.66, 0.9888
 - 1416.43, 4.64
 - 1137.22, 2.496
 - 885.81, 1.984
 - 762.18, 1.088
 - 673.98, 0.5536
 - 574.92, 2.752
 - 253.14, 11.648
 - 0, 3.04
