44.425
 - 0, 20.9
86.787
 - 0, 16.1
120.258
 - 44.425, 0.23
 - 0, 10.7
122.248
 - 0, 5.92
149.54
 P 0, 1
165.048
 - 0, 24.3
203.542
 - 120.258, 0.13
 - 86.787, 1.82
 - 44.425, 0.08
211.146
 - 165.048, 6.4
 - 0, 2.21
264.807
 - 120.258, 2.16
 - 86.787, 1.48
 - 44.425, 0.81
280.302
 - 44.425, 3.63
286.017
 - 211.146, 1.73
292.557
 - 211.146, 0.2
 - 165.048, 2.48
300.46
 - 165.048, 3.87
 - 44.425, 0.91
 - 0, 1.18
308.319
 - 165.048, 0.09
 - 122.248, 0.38
 - 120.258, 1.54
 - 86.787, 1.12
 - 44.425, 3.46
 - 0, 0.31
328.478
 - 211.146, 2.75
352.361
 - 211.146, 1.12
 - 165.048, 0.37
 - 0, 1.08
363.906
 - 165.048, 1.09
 - 122.248, 0.54
 - 86.787, 0.15
 - 44.425, 0.14
 - 0, 1.3
366.228
 - 286.017, 0.14
 - 211.146, 1.04
 - 165.048, 0.3
377.383
 - 286.017, 0.58
401.833
 - 264.807, 0.53
 - 120.258, 1.79
 - 86.787, 0.2
 - 44.425, 1.38
436.802
 - 300.46, 0.75
 - 165.048, 0.3
 - 0, 0.21
447.17
 - 280.302, 0.1
 - 120.258, 0.32
 - 86.787, 0.55
 - 44.425, 1.08
457.349
 - 300.46, 0.33
 - 211.146, 0.49
 - 0, 0.17
471
 - 308.319, 0.59
 - 300.46, 0.1
 - 292.557, 0.18
 - 280.302, 0.08
 - 211.146, 0.14
 - 44.425, 1.95
 - 0, 4.06
479.295
 - 377.383, 0.08
 - 300.46, 0.41
 - 292.557, 0.25
 - 286.017, 0.27
 - 211.146, 0.16
 - 165.048, 0.51
499.58
 - 308.319, 0.08
 - 264.807, 0.22
 - 203.542, 0.32
 - 120.258, 0.56
 - 86.787, 0.31
505.204
 - 352.361, 0.3
 - 300.46, 0.09
 - 165.048, 0.73
 - 86.787, 0.14
 - 44.425, 0.27
508.687
 - 377.383, 0.06
 - 366.228, 0.3
 - 328.478, 0.38
 - 286.017, 0.09
 - 211.146, 1.24
517.579
 - 280.302, 0.25
 - 122.248, 0.12
 - 86.787, 0.24
 - 44.425, 3.53
519.608
 - 328.478, 0.1
 - 280.302, 0.17
 - 165.048, 0.23
 - 120.258, 0.71
 - 86.787, 0.17
544.023
 - 363.906, 0.33
 - 352.361, 0.12
 - 300.46, 0.11
 - 165.048, 0.72
 - 0, 0.16
550.435
 - 286.017, 0.21
 - 280.302, 0.24
 - 122.248, 0.3
 - 86.787, 0.4
600.2
 P 0, 1
609.97
 - 308.319, 0.21
 - 44.425, 1.26
 - 0, 0.24
628.744
 - 471, 2.97
 - 122.248, 0.23
 - 0, 0.25
637.249
 - 436.802, 0.26
 - 120.258, 0.15
 - 86.787, 1.64
640.122
 - 436.802, 0.06
 - 122.248, 0.59
 - 0, 0.34
669.115
 - 550.435, 0.34
 - 544.023, 0.08
 - 0, 0.65
686.128
 - 544.023, 0.2
 - 292.557, 0.24
 - 165.048, 0.15
703.248
 - 544.023, 0.15
 - 505.204, 0.1
 - 363.906, 0.13
 - 328.478, 0.11
707.94
 P 0, 1
715.8
 P 0, 1
727.82
 P 0, 1
734.39
 - 508.687, 1.66
 - 471, 0.21
741.458
 - 479.295, 0.24
 - 447.17, 0.12
 - 280.302, 0.18
744.945
 - 401.833, 0.2
 - 264.807, 0.36
 - 120.258, 0.67
756.574
 - 517.579, 0.55
 - 401.833, 0.07
774.408
 - 308.319, 0.14
 - 280.302, 0.22
 - 86.787, 0.38
785.833
 - 401.833, 0.23
 - 203.542, 0.36
793.57
 - 519.608, 0.2
 - 471, 0.31
 - 86.787, 0.82
802.452
 - 505.204, 0.24
 - 363.906, 0.13
863.35
 - 86.787, 0.13
893.811
 - 499.58, 0.14
 - 363.906, 0.2
 - 308.319, 0.2
909.125
 - 308.319, 0.18
 - 264.807, 0.37
 - 86.787, 0.6
924.756
 - 471, 0.21
 - 447.17, 0.27
 - 44.425, 0.58
935.376
 - 628.744, 0.25
 - 203.542, 0.36
 - 86.787, 0.67
939.75
 - 744.945, 0.04
 - 628.744, 0.33
 - 499.58, 0.15
 - 471, 0.18
947.9
 P 0, 1
958.393
 - 734.39, 0.3
 - 628.744, 0.17
 - 479.295, 0.28
 - 471, 0.25
964.1
 P 0, 1
970.98
 - 0, 0.16
985.526
 - 517.579, 0.22
 - 44.425, 0.47
1013.8
 - 86.787, 0.11
1023.17
 P 0, 1
1026.2
 - 165.048, 0.4
1034.21
 - 909.125, 0.08
 - 479.295, 0.21
 - 401.833, 0.41
 - 308.319, 0.33
 - 44.425, 0.22
1064.48
 - 756.574, 0.08
 - 734.39, 0.31
 - 457.349, 0.16
 - 377.383, 0.25
 - 122.248, 0.39
1089.9
 P 0, 1
1097.3
 P 0, 1
1105.48
 P 0, 1
1124.98
 P 0, 1
1148.4
 P 0, 1
1156.56
 P 0, 1
1185.75
 P 0, 1
1201.97
 P 0, 1
1214.54
 P 0, 1
1230.54
 P 0, 1
1244.7
 P 0, 1
1260.1
 P 0, 1
1269.07
 P 0, 1
1301.03
 P 0, 1
1309.38
 P 0, 1
1314.55
 P 0, 1
1322.21
 P 0, 1
1341.89
 P 0, 1
1352.37
 P 0, 1
1358.43
 P 0, 1
1369.3
 P 0, 1
1385.59
 P 0, 1
1397.34
 P 0, 1
1404
 P 0, 1
1422.32
 P 0, 1
1443.84
 P 0, 1
1450.87
 P 0, 1
1458.89
 P 0, 1
1473.65
 P 0, 1
1477.7
 P 0, 1
1494.35
 P 0, 1
1498.9
 P 0, 1
1512.18
 P 0, 1
1520.2
 P 0, 1
1524.8
 P 0, 1
1541.74
 P 0, 1
1550.45
 P 0, 1
1571.34
 P 0, 1
1584
 P 0, 1
1597.6
 P 0, 1
1605.17
 P 0, 1
1630.52
 P 0, 1
1638.03
 P 0, 1
1644.37
 P 0, 1
1652.67
 P 0, 1
1664.75
 P 0, 1
1673.34
 P 0, 1
1682.81
 P 0, 1
1694.6
 P 0, 1
1699.03
 P 0, 1
1704.32
 P 0, 1
1713.58
 P 0, 1
1715.6
 P 0, 1
1727.19
 P 0, 1
1748.36
 P 0, 1
1759.58
 P 0, 1
1782.53
 P 0, 1
1788.1
 P 0, 1
1794.62
 P 0, 1
1801.55
 P 0, 1
1819.54
 P 0, 1
1834.54
 P 0, 1
1860.54
 P 0, 1
1885.54
 P 0, 1
1911.54
 P 0, 1
1929.54
 P 0, 1
1953.54
 P 0, 1
1968.54
 P 0, 1
1983.54
 P 0, 1
2003.54
 P 0, 1
2025.54
 P 0, 1
2043.54
 P 0, 1
2058.54
 P 0, 1
2095.54
 P 0, 1
2120.54
 P 0, 1
2133.54
 P 0, 1
2150.54
 P 0, 1
2179.54
 P 0, 1
2209.54
 P 0, 1
2235.54
 P 0, 1
2246.54
 P 0, 1
2260.54
 P 0, 1
2271.54
 P 0, 1
2290.54
 P 0, 1
2304.54
 P 0, 1
2315.54
 P 0, 1
2332.54
 P 0, 1
2350.54
 P 0, 1
2368.54
 P 0, 1
2382.54
 P 0, 1
2393.54
 P 0, 1
2410.54
 P 0, 1
2437.54
 P 0, 1
2451.54
 P 0, 1
2468.54
 P 0, 1
2484.54
 P 0, 1
2500.54
 P 0, 1
2518.54
 P 0, 1
2553.54
 P 0, 1
2565.54
 P 0, 1
2594.54
 P 0, 1
2634.54
 P 0, 1
2668.54
 P 0, 1
2679.54
 P 0, 1
2709.54
 P 0, 1
2729.54
 P 0, 1
2741.54
 P 0, 1
2760.54
 P 0, 1
2784.54
 P 0, 1
2796.54
 P 0, 1
2813.54
 P 0, 1
2825.54
 P 0, 1
2835.54
 P 0, 1
2845.54
 P 0, 1
2862.54
 P 0, 1
2899.54
 P 0, 1
2911.54
 P 0, 1
2922.54
 P 0, 1
2936.54
 P 0, 1
2959.54
 P 0, 1
2981.54
 P 0, 1
2999.54
 P 0, 1
3010.54
 P 0, 1
3024.54
 P 0, 1
3042.54
 P 0, 1
3056.54
 P 0, 1
3071.54
 P 0, 1
3081.54
 P 0, 1
3111.54
 P 0, 1
3152.54
 P 0, 1
3169.54
 P 0, 1
3192.54
 P 0, 1
3208.54
 P 0, 1
3231.54
 P 0, 1
3244.54
 P 0, 1
3256.54
 P 0, 1
3287.54
 P 0, 1
3310.54
 P 0, 1
6240.14
 P 0, 1
6268.94
 P 0, 1
6290.44
 P 0, 1
6310.04
 P 0, 1
6326.24
 P 0, 1
7328.54
 U 1801.55, 11
 U 1794.62, 148.4
 U 1788.1, 12.9
 U 1782.53, 17.8
 U 1759.58, 34.8
 U 1748.36, 66.5
 U 1727.19, 13.6
 U 1715.6, 10.3
 U 1713.58, 14.6
 U 1704.32, 6.9
 U 1699.03, 17.8
 U 1694.6, 5.3
 U 1682.81, 11.7
 U 1673.34, 16.9
 U 1664.75, 68.6
 U 1652.67, 104
 U 1644.37, 40.7
 U 1638.03, 65.3
 U 1630.52, 47.1
 U 1605.17, 15.7
 U 1597.6, 2.4
 U 1584, 4.2
 U 1571.34, 57.2
 U 1550.45, 47.4
 U 1541.74, 67.5
 U 1524.8, 8.6
 U 1520.2, 7.4
 U 1512.18, 24.3
 U 1498.9, 1.9
 U 1494.35, 20.6
 U 1477.7, 9.3
 U 1473.65, 21.6
 U 1458.89, 74.3
 U 1450.87, 27.1
 U 1443.84, 49.5
 U 1422.32, 12.6
 U 1404, 7.4
 U 1397.34, 14
 U 1385.59, 11.7
 U 1369.3, 3
 U 1358.43, 20.7
 U 1352.37, 19.6
 U 1341.89, 40.2
 U 1322.21, 29.2
 U 1314.55, 22
 U 1309.38, 15.8
 U 1301.03, 84.1
 U 1269.07, 99.7
 U 1260.1, 8.6
 U 1244.7, 8.5
 U 1201.97, 8.2
 U 1185.75, 50.4
 U 1156.56, 10.3
 U 1148.4, 25.9
 U 1124.98, 44.5
 U 1105.48, 47.6
 U 1097.3, 40.6
 U 1089.9, 3.1
 - 1064.48, 9.7
 - 1034.21, 203.7
 U 1023.17, 83.1
 - 985.526, 39.1
 - 970.98, 20.1
 U 964.1, 5.8
 - 958.393, 26.9
 U 947.9, 5.6
 - 939.75, 32.3
 - 935.376, 85.4
 - 924.756, 79.3
 - 909.125, 69
 - 893.811, 2.3
 - 863.35, 34.9
 - 802.452, 12.1
 - 793.57, 31.1
 - 785.833, 40.1
 - 774.408, 5.4
 - 756.574, 3.7
 - 744.945, 46
 - 741.458, 44.1
 U 727.82, 36.6
 U 715.8, 2.4
 U 707.94, 29.9
 - 686.128, 4.9
 - 669.115, 22.3
 - 637.249, 24.2
 - 628.744, 10.7
 - 609.97, 9.9
 U 600.2, 8.3
 - 550.435, 14.1
 - 544.023, 35.1
 - 517.579, 553
 - 505.204, 13.1
 - 499.58, 15.8
 - 471, 16.5
 - 447.17, 15.9
 - 436.802, 2.4
 - 401.833, 183
 - 377.383, 5
 - 363.906, 4.7
 - 352.361, 47
 - 328.478, 2.2
 - 308.319, 373
 - 300.46, 52.5
 - 280.302, 10
 - 264.807, 145
 - 203.542, 3.7
 - 165.048, 17.8
 - 120.258, 12.5
 - 86.787, 61.4
 - 44.425, 100
 - 0, 4.2
 U 6326.24, 0.22
 U 6310.04, 0.27
 U 6290.44, 0.51
 U 6268.94, 0.11
 U 6240.14, 0.22
 U 3310.54, 0.07
 U 3287.54, 0.06
 U 3256.54, 0.1
 U 3244.54, 0.07
 U 3231.54, 0.07
 U 3208.54, 0.05
 U 3192.54, 0.07
 U 3169.54, 0.2
 U 3152.54, 0.1
 U 3111.54, 0.05
 U 3081.54, 0.1
 U 3071.54, 0.1
 U 3056.54, 0.14
 U 3042.54, 0.11
 U 3024.54, 0.11
 U 3010.54, 0.15
 U 2999.54, 0.15
 U 2999.54, 0.05
 U 2981.54, 0.22
 U 2959.54, 0.12
 U 2936.54, 0.05
 U 2922.54, 0.08
 U 2911.54, 0.06
 U 2899.54, 0.16
 U 2862.54, 0.11
 U 2845.54, 0.11
 U 2835.54, 0.06
 U 2825.54, 0.37
 U 2813.54, 0.14
 U 2796.54, 0.11
 U 2784.54, 0.14
 U 2760.54, 0.18
 U 2741.54, 0.07
 U 2729.54, 0.05
 U 2709.54, 0.13
 U 2679.54, 0.22
 U 2668.54, 0.09
 U 2634.54, 0.11
 U 2594.54, 0.2
 U 2565.54, 0.11
 U 2553.54, 0.12
 U 2553.54, 0.71
 U 2518.54, 0.14
 U 2500.54, 0.22
 U 2484.54, 0.29
 U 2468.54, 0.05
 U 2451.54, 0.15
 U 2437.54, 0.13
 U 2410.54, 0.22
 U 2393.54, 0.27
 U 2382.54, 0.32
 U 2368.54, 0.45
 U 2350.54, 0.16
 U 2350.54, 0.18
 U 2332.54, 0.51
 U 2315.54, 0.17
 U 2304.54, 0.18
 U 2290.54, 0.06
 U 2271.54, 0.09
 U 2260.54, 0.29
 U 2246.54, 0.69
 U 2235.54, 0.15
 U 2209.54, 0.13
 U 2179.54, 0.19
 U 2179.54, 0.31
 U 2150.54, 0.14
 U 2133.54, 0.07
 U 2120.54, 0.13
 U 2095.54, 0.08
 U 2058.54, 0.12
 U 2043.54, 0.16
 U 2043.54, 0.23
 U 2025.54, 0.27
 U 2003.54, 0.05
 U 1983.54, 0.07
 U 1968.54, 0.13
 U 1953.54, 0.51
 U 1929.54, 0.12
 U 1911.54, 0.66
 U 1885.54, 0.15
 U 1885.54, 0.14
 U 1860.54, 0.29
 U 1834.54, 0.11
 U 1819.54, 0.17
 U 1230.54, 40
 U 1214.54, 20
 - 1064.48, 10
 U 149.54, 5
