559.102
 - 0, 2.2
1122.28
 - 559.102, 0.0792
1216.15
 - 559.102, 0.66
 - 0, 0.484
1330.86
 - 559.102, 0.55
1688.96
 - 1330.86, 0.01012
 - 1216.15, 0.077
 - 559.102, 0.2772
1787.65
 - 1330.86, 0.0044
 - 1216.15, 0.01254
 - 1122.28, 0.0484
 - 559.102, 0.1782
 - 0, 0.0462
2025.99
 - 1330.86, 0.0484
 - 1216.15, 0.1166
2127.21
 - 1787.65, 0.011
 - 1688.96, 0.01826
 - 1330.86, 0.01276
 - 559.102, 0.0682
2170.55
 - 1787.65, 0.00484
 - 1216.15, 0.066
 - 559.102, 0.0198
2362.95
 - 1787.65, 0.022
 - 1330.86, 0.0044
2429.09
 - 2025.99, 0.00374
 - 1688.96, 0.02486
 - 1216.15, 0.275
2514.66
 - 1787.65, 0.044
2655.1
 - 559.102, 0.044
2669.75
 - 1787.65, 0.0176
 - 1688.96, 0.01848
 - 1216.15, 0.0308
 - 559.102, 0.066
2812.38
 - 1216.15, 0.0506
2817.1
 P 0, 1
2824.76
 - 2429.09, 0.0088
 - 2025.99, 0.02376
 - 1330.86, 0.0242
2859.75
 - 2429.09, 0.0154
 - 1330.86, 0.033
2869.6
 P 0, 1
2888.8
 P 0, 1
2910.98
 - 2362.95, 0.00836
2920
 P 0, 1
2949.9
 - 559.102, 0.033
 - 0, 0.066
2968.4
 P 0, 1
3008.4
 P 0, 1
3069.4
 - 1216.15, 0.066
3105.3
 - 559.102, 0.033
3161.5
 P 0, 1
3191.6
 P 0, 1
3219.2
 P 0, 1
3268.8
 P 0, 1
3294.7
 P 0, 1
3350.6
 - 559.102, 0.022
3477.9
 P 0, 1
3509.06
 P 0, 1
3557.9
 - 559.102, 0.022
3604.1
 - 0, 0.022
3651
 P 0, 1
3730.7
 P 0, 1
3746.4
 P 0, 1
3769.9
 P 0, 1
3861
 P 0, 1
3873.2
 P 0, 1
3906.3
 P 0, 1
3915.8
 P 0, 1
3926.9
 P 0, 1
3932.6
 P 0, 1
3966.2
 P 0, 1
4001.7
 P 0, 1
4015.37
 P 0, 1
4044.5
 - 1787.65, 0.022
4063.73
 P 0, 1
4114.91
 P 0, 1
4186.3
 P 0, 1
4206.4
 P 0, 1
4218.77
 P 0, 1
4240.4
 P 0, 1
4257.4
 P 0, 1
4282.7
 P 0, 1
4300.78
 P 0, 1
4335.2
 P 0, 1
4351.2
 P 0, 1
4369.3
 P 0, 1
4383.9
 - 2127.21, 0.022
4401.84
 P 0, 1
4424.7
 P 0, 1
4438.5
 P 0, 1
4458.63
 P 0, 1
4473.8
 P 0, 1
4488.9
 P 0, 1
4523
 P 0, 1
4576.97
 P 0, 1
4588.89
 P 0, 1
4602.97
 P 0, 1
4618.59
 P 0, 1
4642.3
 P 0, 1
4673.91
 P 0, 1
4751.5
 P 0, 1
4768.9
 P 0, 1
4821.05
 P 0, 1
4861.56
 P 0, 1
4872.81
 P 0, 1
4888.46
 P 0, 1
4904.84
 P 0, 1
4997.5
 P 0, 1
5013
 P 0, 1
5032
 P 0, 1
5139.8
 P 0, 1
5176.4
 P 0, 1
5195.3
 P 0, 1
5261
 P 0, 1
5273.3
 P 0, 1
5938.9
 P 0, 1
8249
 P 0, 1
8632
 P 0, 1
8706
 P 0, 1
8844
 P 0, 1
9529.7
 P 0, 1
9683.37
 P 0, 1
9821.49
 P 0, 1
9870.09
 P 0, 1
9994.27
 P 0, 1
10006.5
 P 0, 1
10018.2
 P 0, 1
10095.9
 P 0, 1
10124.1
 P 0, 1
11154
 U 5938.9, 0.1628
 U 5195.3, 0.1606
 U 5139.8, 0.352
 U 5032, 0.4136
 U 4751.5, 0.2134
 U 4523, 0.143
 U 4488.9, 0.253
 U 4473.8, 0.1298
 - 4383.9, 0.539
 U 4369.3, 0.1716
 U 4351.2, 0.1628
 U 4282.7, 0.0748
 U 4257.4, 0.1892
 U 4240.4, 0.1936
 U 4206.4, 0.1166
 - 4044.5, 0.3124
 U 4001.7, 0.429
 U 3966.2, 0.132
 U 3932.6, 0.187
 U 3926.9, 0.0374
 U 3915.8, 0.0704
 U 3906.3, 0.1518
 U 3861, 0.1628
 U 3730.7, 0.2288
 U 3651, 0.1782
 - 3604.1, 0.3146
 - 3557.9, 0.1408
 - 3350.6, 0.231
 U 3294.7, 0.077
 U 3268.8, 0.2596
 U 3219.2, 0.187
 U 3191.6, 0.143
 U 3161.5, 0.5214
 - 3105.3, 0.132
 - 3069.4, 0.3454
 U 3008.4, 0.01386
 U 2968.4, 0.0396
 - 2949.9, 0.5654
 U 2920, 0.0198
 - 2910.98, 0.01034
 U 2869.6, 0.0902
 - 2859.75, 0.0836
 U 2817.1, 0.176
 - 2812.38, 0.1782
 - 2669.75, 0.2464
 - 2514.66, 0.01342
 - 2429.09, 2.2
 - 2127.21, 0.0088
 - 2025.99, 0.0539
 - 1787.65, 0.04554
 - 1688.96, 0.04532
 - 1216.15, 0.1034
 - 1122.28, 0.02684
 - 559.102, 0.352
 - 0, 0.02222
 U 10124.1, 0.0055
 U 10095.9, 0.00682
 U 10018.2, 0.00858
 U 10006.5, 0.11
 U 9994.27, 0.143
 U 9870.09, 0.01914
 U 9870.09, 0.0242
 U 9870.09, 0.033
 U 9821.49, 0.0308
 U 9683.37, 0.01914
 U 9683.37, 0.0418
 U 9529.7, 0.0286
 U 8844, 0.033
 U 8706, 0.033
 U 8632, 0.011
 U 8249, 0.022
 U 5273.3, 0.0198
 U 5261, 0.0308
 U 5195.3, 0.0682
 U 5176.4, 0.0902
 U 5176.4, 0.0616
 U 5013, 0.0198
 U 4997.5, 0.0792
 U 4904.84, 0.0924
 U 4888.46, 0.1936
 U 4888.46, 0.0462
 U 4872.81, 0.1144
 U 4861.56, 0.1298
 U 4821.05, 0.1826
 U 4768.9, 0.0352
 U 4673.91, 0.0858
 U 4642.3, 0.0374
 U 4618.59, 0.0748
 U 4602.97, 0.0946
 U 4588.89, 0.0616
 U 4576.97, 0.0858
 U 4488.9, 0.0572
 U 4458.63, 0.0528
 U 4438.5, 0.1056
 U 4424.7, 0.0594
 U 4424.7, 0.088
 U 4401.84, 0.0616
 U 4351.2, 0.1518
 U 4335.2, 0.0506
 U 4300.78, 0.1386
 U 4218.77, 0.1034
 U 4206.4, 0.066
 U 4186.3, 0.0264
 U 4186.3, 0.1144
 U 4114.91, 0.0748
 U 4063.73, 0.0506
 U 4015.37, 0.2046
 U 3873.2, 0.0594
 U 3769.9, 0.0506
 U 3746.4, 0.0682
 U 3730.7, 0.0528
 - 3557.9, 0.088
 U 3509.06, 0.077
 U 3477.9, 0.0462
 U 2968.4, 0.0506
 U 2888.8, 0.00748
