613.727
 - 0, 68
1308.64
 - 613.727, 13.9
 - 0, 10.1
1498.6
 - 613.727, 3.15
1502.83
 - 613.727, 3.05
1758.69
 - 1308.64, 0.068
 - 613.727, 2.37
1853.93
 - 1502.83, 0.14
 - 1308.64, 2.11
 - 613.727, 3.23
1995.9
 - 1498.6, 0.36
 - 1308.64, 2.05
 - 613.727, 2.22
 - 0, 3.62
2266.93
 - 1995.9, 0.06
 - 1308.64, 0.102
 - 613.727, 0.252
2327.33
 - 1995.9, 0.11
 - 1758.69, 0.136
 - 1502.83, 0.12
 - 1308.64, 0.374
 - 613.727, 6.1
 - 0, 0.6
2335.22
 - 1758.69, 1
 - 1308.64, 0.265
 - 613.727, 2.45
2361.85
 - 613.727, 0.2
2507.24
 - 1502.83, 0.56
 - 1308.64, 1.23
 - 613.727, 0.48
2536.93
 - 2335.22, 0.08
 - 1498.6, 0.054
 - 1308.64, 0.56
 - 613.727, 1.97
2546.3
 - 2266.93, 0.41
 - 1502.83, 0.041
2647.46
 - 2361.85, 0.16
 - 2327.33, 0.12
 - 1995.9, 0.46
 - 1853.93, 0.15
 - 1308.64, 1.06
2682.11
 - 2507.24, 0.09
 - 2327.33, 0.2
 - 1995.9, 0.11
 - 1853.93, 0.94
 - 1308.64, 0.51
 - 613.727, 0.061
2753.85
 - 1498.6, 0.068
 - 1308.64, 0.18
2838.4
 - 1995.9, 0.38
 - 1758.69, 0.54
 - 1308.64, 1.18
2864.13
 - 2361.85, 0.18
 - 1853.93, 0.42
2898.14
 - 2507.24, 0.06
 - 2266.93, 0.1
 - 1995.9, 0.13
 - 613.727, 1.2
3005.66
 - 613.727, 1.2
3039.81
 - 1995.9, 0.041
 - 1853.93, 0.15
 - 1308.64, 0.286
3089.73
 - 613.727, 0.44
3186.47
 - 613.727, 0.8
3242.65
 - 2647.46, 0.136
 - 2266.93, 0.075
 - 1853.93, 0.177
 - 1758.69, 0.46
 - 1498.6, 0.136
 - 613.727, 0.4
 - 0, 0.49
3254.39
 - 613.727, 0.32
3288.23
 - 3039.81, 0.73
 - 1995.9, 0.24
 - 1308.64, 0.09
 - 613.727, 1.3
3383.64
 - 613.727, 1.1
3439.46
 - 0, 0.9
3450.84
 - 613.727, 0.26
3494.33
 - 2838.4, 0.184
 - 2335.22, 0.15
 - 1995.9, 0.12
3523.82
 - 0, 0.08
3591.67
 - 613.727, 0.4
3602.33
 P 0, 1
3624.1
 - 0, 0.2
3628.1
 - 1308.64, 0.8
3686.52
 - 613.727, 0.79
3735.16
 - 613.727, 0.37
3766.75
 P 0, 1
3796.02
 P 0, 1
3839.17
 P 0, 1
3894.58
 - 1502.83, 1.2
 - 0, 0.07
3939.51
 P 0, 1
3959.85
 - 613.727, 0.12
 - 0, 0.14
3973.64
 P 0, 1
3999.15
 - 2327.33, 0.53
 - 1995.9, 0.53
 - 1758.69, 0.42
 - 613.727, 0.72
 - 0, 0.14
4037.03
 - 613.727, 0.43
4058.88
 P 0, 1
4079.87
 - 0, 0.26
4103.57
 P 0, 1
4116.36
 P 0, 1
4153.11
 P 0, 1
4182.02
 - 1995.9, 0.53
 - 1308.64, 0.9
4210.06
 P 0, 1
4223.06
 P 0, 1
4253.29
 - 1995.9, 0.5
 - 1308.64, 0.27
 - 613.727, 0.11
4283.08
 P 0, 1
4297.49
 - 1308.64, 0.24
4320.37
 P 0, 1
4341.53
 - 1498.6, 0.32
 - 0, 0.28
4366.56
 - 1308.64, 0.18
 - 0, 0.06
4386.92
 - 1758.69, 0.4
 - 613.727, 0.18
4405.95
 P 0, 1
4420.52
 P 0, 1
4448.46
 - 1995.9, 0.26
 - 0, 0.39
4469.01
 - 613.727, 0.41
 - 0, 0.08
4510.66
 P 0, 1
4528.77
 - 1308.64, 0.19
4553.76
 P 0, 1
4565.73
 P 0, 1
4599.16
 P 0, 1
4632.75
 P 0, 1
4645.57
 P 0, 1
4672.51
 - 613.727, 0.22
4684.3
 - 1308.64, 0.22
 - 613.727, 0.46
4690.32
 - 0, 0.44
4697
 - 1853.93, 0.32
 - 0, 0.06
4723.03
 - 1502.83, 0.19
 - 1498.6, 0.1
 - 1308.64, 0.17
4737.15
 P 0, 1
4754.76
 P 0, 1
4787.94
 - 1308.64, 0.13
 - 613.727, 0.18
4791.2
 - 613.727, 0.07
4811.97
 - 1308.64, 0.12
 - 0, 0.23
4830.86
 P 0, 1
4860.06
 P 0, 1
4888.36
 P 0, 1
4923.46
 P 0, 1
4942.56
 P 0, 1
4957.22
 - 0, 0.05
4972.36
 - 0, 0.08
4998.3
 - 1498.6, 0.08
5004.72
 - 1758.69, 0.17
 - 613.727, 0.21
 - 0, 0.04
5022.29
 - 1853.93, 0.19
5029.91
 - 1308.64, 0.11
 - 0, 0.11
5061.26
 P 0, 1
5090.86
 - 613.727, 0.06
5101.3
 - 613.727, 0.06
5126.64
 - 1995.9, 0.11
 - 1853.93, 0.22
 - 1502.83, 0.2
5152.66
 P 0, 1
5164.2
 - 1995.9, 0.19
 - 1308.64, 0.41
5180.59
 - 1853.93, 0.21
 - 1498.6, 0.16
5200.86
 P 0, 1
5217.76
 P 0, 1
5245.36
 P 0, 1
5256.26
 P 0, 1
5267.46
 P 0, 1
5290.17
 - 1498.6, 0.11
 - 613.727, 0.14
 - 0, 0.12
5295.3
 - 613.727, 0.19
5339.74
 - 1498.6, 0.19
 - 1308.64, 0.09
5356.55
 - 1995.9, 0.15
 - 613.727, 0.1
5390.8
 - 613.727, 0.1
5410.86
 P 0, 1
5428.76
 P 0, 1
5440.2
 - 613.727, 0.16
5451.38
 - 1498.6, 0.08
5480.76
 P 0, 1
5513.22
 - 2266.93, 0.17
 - 1498.6, 0.14
 - 0, 0.05
5564.26
 P 0, 1
5595.26
 P 0, 1
5608.76
 P 0, 1
5641.46
 P 0, 1
5728.16
 P 0, 1
5748.26
 P 0, 1
5763.16
 P 0, 1
5778.46
 P 0, 1
5837.36
 P 0, 1
5868.36
 P 0, 1
5880.36
 P 0, 1
5900.16
 P 0, 1
5915.06
 P 0, 1
5979.96
 P 0, 1
5995.06
 P 0, 1
6005.06
 P 0, 1
6042.86
 P 0, 1
6078.86
 P 0, 1
6091.06
 P 0, 1
6120.96
 P 0, 1
6163.66
 P 0, 1
6186.16
 P 0, 1
6196.26
 P 0, 1
6212.86
 P 0, 1
6224.96
 P 0, 1
6235.56
 P 0, 1
6249.96
 P 0, 1
6272.46
 P 0, 1
6286.26
 P 0, 1
6307.56
 P 0, 1
6361.36
 P 0, 1
6380.16
 P 0, 1
6391.46
 P 0, 1
6401.46
 P 0, 1
6462.86
 P 0, 1
6531.66
 P 0, 1
6647.86
 P 0, 1
6679.16
 P 0, 1
6697.86
 P 0, 1
6718.06
 P 0, 1
6736.66
 P 0, 1
6771.36
 P 0, 1
6787.76
 P 0, 1
6809.26
 P 0, 1
6867.86
 P 0, 1
6913.73
 P 0, 1
6967.23
 P 0, 1
7180.36
 P 0, 1
7248.36
 P 0, 1
7297.16
 P 0, 1
7313.32
 P 0, 1
7344.76
 P 0, 1
7488.56
 P 0, 1
7588.72
 P 0, 1
7643.7
 P 0, 1
7700.99
 P 0, 1
7815.01
 P 0, 1
7861.59
 P 0, 1
7977.44
 P 0, 1
7988.46
 P 0, 1
8297.86
 P 0, 1
8334.96
 P 0, 1
8450.46
 P 0, 1
8466.46
 P 0, 1
8645.76
 P 0, 1
8663.18
 P 0, 1
8706.66
 P 0, 1
8945.06
 P 0, 1
9128.06
 P 0, 1
9236.26
 P 0, 1
9299.16
 P 0, 1
9337.06
 P 0, 1
9483.76
 P 0, 1
10497.8
 - 5513.22, 0.2
 - 5451.38, 0.12
 - 5440.2, 0.26
 - 5390.8, 0.23
 - 5356.55, 0.15
 - 5339.74, 0.26
 - 5295.3, 0.22
 - 5290.17, 0.12
 - 5180.59, 0.21
 - 5164.2, 0.3
 - 5126.64, 0.57
 - 5101.3, 0.06
 - 5090.86, 0.09
 - 5029.91, 0.26
 - 5022.29, 0.1
 - 5004.72, 0.3
 - 4998.3, 0.4
 - 4972.36, 0.04
 - 4957.22, 0.07
 - 4811.97, 0.24
 - 4791.2, 0.37
 - 4787.94, 0.52
 - 4723.03, 0.64
 - 4697, 0.23
 - 4690.32, 0.37
 - 4684.3, 0.85
 - 4672.51, 0.14
 - 4528.77, 0.3
 - 4469.01, 0.53
 - 4448.46, 0.92
 - 4386.92, 0.31
 - 4366.56, 0.29
 - 4341.53, 0.33
 - 4297.49, 0.2
 - 4253.29, 1.4
 - 4182.02, 1.4
 U 4153.11, 0.4
 - 4079.87, 0.1
 - 4037.03, 0.47
 - 3999.15, 1.5
 - 3959.85, 0.05
 - 3894.58, 0.52
 - 3735.16, 0.47
 - 3686.52, 0.75
 - 3624.1, 0.5
 - 3591.67, 0.74
 - 3523.82, 0.3
 - 3450.84, 0.32
 - 3439.46, 0.34
 - 3383.64, 1.2
 - 3288.23, 1.8
 - 3254.39, 0.32
 - 3242.65, 0.38
 - 3186.47, 0.31
 - 3089.73, 0.04
 - 3005.66, 0.94
 - 2898.14, 0.43
 - 2838.4, 0.6
 - 2753.85, 0.51
 - 2682.11, 0.1
 - 2536.93, 0.51
 - 2335.22, 1.8
 - 2327.33, 1.6
 - 1995.9, 1.5
 - 1758.69, 0.06
 - 1498.6, 0.22
 - 1308.64, 4.8
 - 613.727, 7.3
 - 0, 0.7
 U 9483.76, 0.27
 U 9337.06, 0.22
 U 9337.06, 0.09
 U 9299.16, 1.73
 U 9236.26, 0.23
 U 9236.26, 0.18
 U 9128.06, 0.22
 U 9128.06, 0.31
 U 8945.06, 0.14
 U 8706.66, 0.85
 U 8663.18, 0.156
 U 8645.76, 0.7
 U 8466.46, 1
 U 8466.46, 1.1
 U 8450.46, 1.6
 U 8334.96, 0.73
 U 8297.86, 0.55
 U 7988.46, 0.36
 U 7977.44, 0.8
 U 7861.59, 0.36
 U 7815.01, 0.34
 U 7700.99, 0.22
 U 7643.7, 0.21
 U 7588.72, 0.28
 U 7588.72, 0.35
 U 7488.56, 0.33
 U 7488.56, 0.21
 U 7488.56, 0.21
 U 7344.76, 0.13
 U 7313.32, 0.73
 U 7313.32, 0.26
 U 7297.16, 0.13
 U 7248.36, 0.12
 U 7180.36, 0.24
 U 7180.36, 0.11
 U 6967.23, 0.28
 U 6913.73, 0.2
 U 6867.86, 0.5
 U 6809.26, 0.11
 U 6787.76, 0.08
 U 6771.36, 0.11
 U 6736.66, 0.09
 U 6718.06, 0.09
 U 6697.86, 0.1
 U 6679.16, 0.06
 U 6647.86, 0.06
 U 6531.66, 0.1
 U 6462.86, 0.14
 U 6401.46, 0.28
 U 6391.46, 0.05
 U 6391.46, 0.12
 U 6380.16, 0.05
 U 6361.36, 0.1
 U 6361.36, 0.13
 U 6307.56, 0.06
 U 6286.26, 0.1
 U 6272.46, 0.13
 U 6272.46, 0.11
 U 6249.96, 0.16
 U 6235.56, 0.08
 U 6224.96, 0.08
 U 6212.86, 0.15
 U 6212.86, 0.07
 U 6196.26, 0.08
 U 6186.16, 0.13
 U 6163.66, 0.2
 U 6120.96, 0.1
 U 6091.06, 0.11
 U 6091.06, 0.07
 U 6078.86, 0.11
 U 6042.86, 0.57
 U 6042.86, 0.18
 U 6005.06, 0.08
 U 5995.06, 0.27
 U 5979.96, 0.12
 U 5915.06, 0.09
 U 5900.16, 0.18
 U 5880.36, 0.16
 U 5880.36, 0.07
 U 5868.36, 0.14
 U 5837.36, 0.2
 U 5778.46, 0.19
 U 5778.46, 0.09
 U 5763.16, 0.11
 U 5748.26, 0.06
 U 5728.16, 0.07
 U 5641.46, 0.27
 U 5608.76, 0.06
 U 5608.76, 0.11
 U 5595.26, 0.1
 U 5564.26, 0.07
 U 5564.26, 0.27
 U 5480.76, 0.11
 U 5428.76, 0.11
 U 5410.86, 0.27
 - 5390.8, 0.09
 - 5356.55, 0.08
 - 5339.74, 0.26
 U 5267.46, 0.05
 U 5256.26, 0.38
 U 5245.36, 0.19
 U 5217.76, 0.1
 U 5200.86, 0.08
 U 5152.66, 0.06
 - 5090.86, 0.08
 U 5061.26, 0.09
 - 4998.3, 0.16
 - 4957.22, 0.07
 U 4942.56, 0.06
 U 4923.46, 0.32
 U 4888.36, 0.07
 U 4888.36, 0.15
 U 4860.06, 0.08
 U 4860.06, 0.07
 U 4830.86, 0.05
 - 4811.97, 0.18
 U 4754.76, 0.05
 U 4737.15, 0.17
 U 4645.57, 0.25
 U 4632.75, 0.07
 U 4632.75, 0.23
 U 4599.16, 0.02
 U 4565.73, 0.07
 U 4553.76, 0.51
 U 4510.66, 0.1
 - 4448.46, 0.08
 U 4420.52, 0.04
 U 4405.95, 0.18
 - 4366.56, 0.09
 U 4320.37, 0.06
 U 4320.37, 0.1
 - 4297.49, 0.1
 U 4283.08, 0.16
 U 4223.06, 0.05
 U 4210.06, 0.06
 U 4210.06, 0.1
 U 4116.36, 0.04
 U 4103.57, 0.22
 - 4079.87, 0.08
 U 4058.88, 0.06
 U 4058.88, 0.07
 U 3973.64, 0.15
 U 3939.51, 0.1
 U 3839.17, 0.14
 U 3796.02, 0.07
 U 3766.75, 0.07
 U 3766.75, 0.03
 U 3602.33, 0.07
