102.87
 - 0, 1.11
293.96
 - 102.87, 0.66
467.85
 - 0, 44
491.24
 - 102.87, 0.67
 - 0, 6.2
616.7
 - 491.24, 0.1
 - 467.85, 0.1
624.5
 - 467.85, 0.24
889.3
 - 624.5, 0.16
 - 491.24, 0.14
 - 102.87, 0.56
 - 0, 0.7
1051.8
 - 293.96, 0.47
 - 102.87, 1.25
1232.85
 - 467.85, 1.54
 - 0, 0.33
1303.61
 - 491.24, 0.28
 - 467.85, 1.1
 - 102.87, 0.4
1406.6
 - 491.24, 0.1
 - 467.85, 0.36
 - 0, 1.3
1702
 - 1303.61, 0.14
 - 1051.8, 0.17
 - 889.3, 0.28
 - 616.7, 0.24
 - 491.24, 0.7
 - 102.87, 0.35
 - 0, 0.33
1711.3
 - 624.5, 0.24
 - 467.85, 0.66
 - 0, 0.55
1725.13
 - 1232.85, 0.6
 - 1051.8, 0.51
 - 491.24, 0.33
 - 467.85, 1.11
 - 0, 5.9
1828.2
 - 889.3, 0.04
 - 467.85, 0.24
 - 0, 0.39
2160.7
 P 0, 1
2174.2
 - 624.5, 0.3
 - 467.85, 0.52
2253
 - 1303.61, 1.25
 - 624.5, 0.28
 - 616.7, 0.38
 - 467.85, 0.9
 - 293.96, 0.42
 - 102.87, 0.32
2333.3
 - 491.24, 0.26
 - 467.85, 0.57
2364.5
 P 0, 1
2383.3
 - 1711.3, 0.51
 - 491.24, 0.24
2568.5
 - 1406.6, 0.7
 - 0, 1.37
2773.6
 - 1406.6, 0.33
 - 889.3, 0.5
 - 624.5, 0.32
2880.7
 P 0, 1
2952.9
 - 467.85, 0.65
3525.7
 P 0, 1
3644.6
 P 0, 1
3735.1
 P 0, 1
3791
 P 0, 1
3909
 P 0, 1
3969.8
 P 0, 1
4007.1
 P 0, 1
4427.9
 P 0, 1
4482.5
 P 0, 1
4494
 P 0, 1
4538.8
 P 0, 1
4549.8
 P 0, 1
4650.1
 P 0, 1
4668.9
 P 0, 1
4749.8
 P 0, 1
4804.8
 P 0, 1
4842.6
 P 0, 1
4901.6
 P 0, 1
4931.8
 P 0, 1
5031.1
 P 0, 1
5138.6
 P 0, 1
5238.8
 P 0, 1
5262.9
 P 0, 1
5373.4
 P 0, 1
5536.6
 P 0, 1
5688.4
 P 0, 1
6701.1
 U 3525.7, 1.16
 - 2952.9, 1.7
 - 2568.5, 0.83
 - 2333.3, 2
 - 2253, 1.86
 - 1725.13, 8.7
 - 1702, 0.43
 - 1406.6, 0.22
 - 1232.85, 0.45
 - 467.85, 33
 U 5688.4, 0.25
 U 5536.6, 0.8
 U 5373.4, 0.15
 U 5262.9, 0.22
 U 5238.8, 0.21
 U 5138.6, 0.24
 U 5031.1, 0.33
 U 4931.8, 0.33
 U 4901.6, 0.24
 U 4842.6, 0.13
 U 4804.8, 0.38
 U 4749.8, 0.6
 U 4668.9, 0.4
 U 4668.9, 0.4
 U 4650.1, 0.21
 U 4549.8, 0.8
 U 4538.8, 1.1
 U 4494, 0.38
 U 4482.5, 0.7
 U 4427.9, 0.48
 U 4007.1, 1.32
 U 3969.8, 1.07
 U 3909, 0.68
 U 3791, 1.35
 U 3735.1, 1.08
 U 3644.6, 1
 U 2880.7, 0.55
 - 2383.3, 0.5
 U 2364.5, 0.7
 U 2160.7, 0.5
