45.9492
 - 0, 0.24
 E 0, 96
75.0621
 - 45.9492, 18.3
 E 45.9492, 56.364
164.382
 P 0, 1
184.502
 P 0, 1
290.781
 - 75.0621, 0.06
 - 45.9492, 9.7
362.801
 - 290.781, 0.07
 - 75.0621, 16.8
420.068
 - 362.801, 0.24
 - 75.0621, 8.8
 - 45.9492, 0.99
475.425
 - 290.781, 2.1
540.988
 - 362.801, 0.06
 - 290.781, 1.28
 - 45.9492, 2.1
627.237
 - 475.425, 0.12
 - 362.801, 2.3
 - 290.781, 0.07
 - 75.0621, 0.32
 - 45.9492, 0.64
641.164
 - 420.068, 0.57
 - 362.801, 0.95
 - 290.781, 0.46
 - 75.0621, 3.4
 - 45.9492, 0.37
689.248
 - 540.988, 0.05
 - 45.9492, 0.41
723.872
 P 0, 1
759.949
 - 641.164, 0.07
 - 475.425, 0.09
 - 420.068, 0.77
 - 362.801, 0.74
 - 75.0621, 2
762.13
 - 75.0621, 0.2
 - 45.9492, 2.94
763.712
 - 362.801, 1.53
 - 75.0621, 0.42
 - 45.9492, 2.35
792.276
 - 475.425, 0.62
 - 290.781, 0.13
822.811
 - 689.248, 0.07
 - 641.164, 0.06
 - 420.068, 0.98
846.688
 - 641.164, 0.06
 - 540.988, 0.08
 - 420.068, 0.35
 - 362.801, 2.8
 - 75.0621, 1.05
886.7
 - 641.164, 0.25
 - 420.068, 0.55
910.77
 - 627.237, 0.13
 - 0, 3.24
935.301
 - 475.425, 0.35
970.917
 - 763.712, 0.08
 - 641.164, 0.43
 - 362.801, 1.6
 - 290.781, 0.16
988.15
 - 641.164, 0.49
 - 362.801, 0.35
1007.9
 - 75.0621, 0.83
 - 45.9492, 0.2
1022.47
 - 886.7, 0.05
 - 420.068, 0.28
 - 75.0621, 0.27
 - 45.9492, 2.08
1058.98
 - 970.917, 0.06
 - 763.712, 0.28
 - 362.801, 0.17
 - 45.9492, 1.39
1082.85
 - 689.248, 0.28
 - 627.237, 0.31
 - 540.988, 0.43
 - 45.9492, 0.47
1093.17
 - 1007.9, 0.07
 - 627.237, 1.6
 - 362.801, 0.18
 - 290.781, 0.14
1109.79
 - 362.801, 0.59
 - 75.0621, 1.28
 - 45.9492, 0.22
1139.93
 - 759.949, 0.33
 - 641.164, 0.66
1155.1
 - 846.688, 0.07
 - 763.712, 0.23
 - 420.068, 0.55
 - 75.0621, 1.72
1179.39
 - 1109.79, 0.05
 - 1082.85, 0.04
 - 759.949, 0.31
 - 641.164, 0.22
 - 420.068, 0.32
 - 362.801, 0.5
 - 290.781, 0.3
 - 45.9492, 0.87
1186.68
 - 910.77, 0.06
 - 822.811, 0.07
 - 290.781, 1.58
1216.52
 - 1109.79, 0.04
 - 1007.9, 0.53
 - 988.15, 0.08
 - 75.0621, 0.09
1226.54
 - 970.917, 0.05
 - 910.77, 1.44
 - 641.164, 0.15
 - 627.237, 0.18
1232.57
 - 1139.93, 0.06
 - 1058.98, 0.11
 - 75.0621, 1.31
1243.59
 - 1007.9, 0.24
 - 362.801, 0.76
1276.2
 - 763.712, 1.4
 - 420.068, 0.74
 - 362.801, 0.12
 - 75.0621, 0.8
 - 45.9492, 0.48
1325.34
 P 0, 1
1370.87
 P 0, 1
1383.26
 P 0, 1
1476.56
 P 0, 1
1488.79
 P 0, 1
1539.53
 P 0, 1
1550.27
 P 0, 1
1643.18
 P 0, 1
1680.12
 P 0, 1
1722.83
 P 0, 1
1743.64
 P 0, 1
1760.2
 P 0, 1
1790.13
 P 0, 1
1800.73
 P 0, 1
1835.38
 P 0, 1
1851.36
 P 0, 1
1867.85
 P 0, 1
1903.6
 P 0, 1
1914.73
 P 0, 1
1925.22
 P 0, 1
1940.41
 P 0, 1
1964.95
 P 0, 1
1979.48
 P 0, 1
1996.43
 P 0, 1
2025.23
 P 0, 1
2036.19
 P 0, 1
2059.03
 P 0, 1
2079.72
 P 0, 1
2099.25
 P 0, 1
2121.97
 P 0, 1
2138.01
 P 0, 1
2153.61
 P 0, 1
2179.39
 P 0, 1
2197
 P 0, 1
2228.44
 P 0, 1
2242.12
 P 0, 1
2258.04
 P 0, 1
2270.42
 P 0, 1
2284.16
 P 0, 1
2307.04
 P 0, 1
2322.49
 P 0, 1
2340.83
 P 0, 1
2364.57
 P 0, 1
2376.7
 P 0, 1
2393.19
 P 0, 1
2415.04
 P 0, 1
2433.16
 P 0, 1
2445.97
 P 0, 1
2461.89
 P 0, 1
2476.67
 P 0, 1
2492.7
 P 0, 1
2508.4
 P 0, 1
2546.51
 P 0, 1
2575.94
 P 0, 1
2601.71
 P 0, 1
2631.18
 P 0, 1
2658.13
 P 0, 1
2669.93
 P 0, 1
2685
 P 0, 1
2696.44
 P 0, 1
2712.23
 P 0, 1
2738.63
 P 0, 1
2790.02
 P 0, 1
2809.66
 P 0, 1
2822.99
 P 0, 1
2852.31
 P 0, 1
2880.86
 P 0, 1
2897.53
 P 0, 1
2914.01
 P 0, 1
2939.87
 P 0, 1
2955.89
 P 0, 1
2981.66
 P 0, 1
2992.94
 P 0, 1
3011.45
 P 0, 1
3033.5
 P 0, 1
3043.5
 P 0, 1
3075.88
 P 0, 1
3104.2
 P 0, 1
3155.38
 P 0, 1
3181.76
 P 0, 1
3198.94
 P 0, 1
3222.11
 P 0, 1
3238.15
 P 0, 1
3248.92
 P 0, 1
3259.18
 P 0, 1
3277.14
 P 0, 1
3289.33
 P 0, 1
3301.87
 P 0, 1
3315.44
 P 0, 1
3327.47
 P 0, 1
3344.12
 P 0, 1
3356.45
 P 0, 1
3368.44
 P 0, 1
3387.62
 P 0, 1
3402.72
 P 0, 1
3420.21
 P 0, 1
3433.31
 P 0, 1
3449.83
 P 0, 1
3465.4
 P 0, 1
3481.19
 P 0, 1
3494.26
 P 0, 1
3519.94
 P 0, 1
3535.12
 P 0, 1
3547.53
 P 0, 1
3570.38
 P 0, 1
3587.2
 P 0, 1
3615.33
 P 0, 1
3628.53
 P 0, 1
3639.94
 P 0, 1
3659
 P 0, 1
3670.91
 P 0, 1
3684.94
 P 0, 1
3708.42
 P 0, 1
3723.93
 P 0, 1
3740.02
 P 0, 1
3756.13
 P 0, 1
3781.73
 P 0, 1
3793.52
 P 0, 1
3808.79
 P 0, 1
3824.13
 P 0, 1
3837.23
 P 0, 1
3848.38
 P 0, 1
3865.58
 P 0, 1
3887.48
 P 0, 1
3907.59
 P 0, 1
3919.02
 P 0, 1
3930.23
 P 0, 1
3945.3
 P 0, 1
3962.46
 P 0, 1
3989.81
 P 0, 1
4014.71
 P 0, 1
4027.28
 P 0, 1
4041.03
 P 0, 1
4064.23
 P 0, 1
4077.63
 P 0, 1
4090.43
 P 0, 1
4101.67
 P 0, 1
4123.58
 P 0, 1
4136.72
 P 0, 1
4147.4
 P 0, 1
4160.39
 P 0, 1
4171.31
 P 0, 1
4181.79
 P 0, 1
4193.63
 P 0, 1
4207.43
 P 0, 1
4219.82
 P 0, 1
4236.93
 P 0, 1
4251.31
 P 0, 1
4266.13
 P 0, 1
4295.73
 P 0, 1
4307.1
 P 0, 1
4324.93
 P 0, 1
4339.86
 P 0, 1
4350.77
 P 0, 1
4362.4
 P 0, 1
4372.73
 P 0, 1
4397.25
 P 0, 1
4412.74
 P 0, 1
4426.38
 P 0, 1
4437.13
 P 0, 1
4448.23
 P 0, 1
4459.91
 P 0, 1
4472.75
 P 0, 1
4486.83
 P 0, 1
4500.05
 P 0, 1
4515.55
 P 0, 1
4531.73
 P 0, 1
4547.76
 P 0, 1
4563.71
 P 0, 1
4588.62
 P 0, 1
4598.9
 P 0, 1
4617.73
 P 0, 1
4628.13
 P 0, 1
4646.97
 P 0, 1
4665.93
 P 0, 1
4685.92
 P 0, 1
4699.32
 P 0, 1
4720.11
 P 0, 1
4743.8
 P 0, 1
4754.88
 P 0, 1
4768.93
 P 0, 1
4791.36
 P 0, 1
4804.16
 P 0, 1
4817.62
 P 0, 1
4830.22
 P 0, 1
4866.83
 P 0, 1
4877.61
 P 0, 1
4906.69
 P 0, 1
4926.18
 P 0, 1
4938.59
 P 0, 1
4951.93
 P 0, 1
4970.89
 P 0, 1
4985.73
 P 0, 1
5030.54
 P 0, 1
5045.01
 P 0, 1
5063.13
 P 0, 1
5101.18
 P 0, 1
5130.13
 P 0, 1
5149.82
 P 0, 1
5166.68
 P 0, 1
5184.27
 P 0, 1
5195.5
 P 0, 1
5205.89
 P 0, 1
5220.93
 P 0, 1
5237.03
 P 0, 1
5258.23
 P 0, 1
5269.02
 P 0, 1
5282.83
 P 0, 1
5314.13
 P 0, 1
5334.44
 P 0, 1
5355.33
 P 0, 1
5417.67
 P 0, 1
5428.77
 P 0, 1
5448.23
 P 0, 1
5504.13
 P 0, 1
5539.49
 P 0, 1
5552.43
 P 0, 1
5562.65
 P 0, 1
5577.23
 P 0, 1
5588.98
 P 0, 1
5602.43
 P 0, 1
5615.29
 P 0, 1
5628.73
 P 0, 1
5684.93
 P 0, 1
5695.83
 P 0, 1
5714.43
 P 0, 1
5728.27
 P 0, 1
5743.73
 P 0, 1
5761.21
 P 0, 1
5772.88
 P 0, 1
5820.23
 P 0, 1
5833.58
 P 0, 1
5880.13
 P 0, 1
5896.63
 P 0, 1
5912.43
 P 0, 1
5925.24
 P 0, 1
5945.23
 P 0, 1
5959.82
 P 0, 1
5972.73
 P 0, 1
6000.78
 P 0, 1
6016.64
 P 0, 1
6034.04
 P 0, 1
6045.6
 P 0, 1
6056.03
 P 0, 1
6088.24
 P 0, 1
6106.03
 P 0, 1
6129.63
 P 0, 1
6146.63
 P 0, 1
6158.7
 P 0, 1
6176.56
 P 0, 1
6187.98
 P 0, 1
6212.57
 P 0, 1
6232.93
 P 0, 1
6285.53
 P 0, 1
6317.03
 P 0, 1
6332.8
 P 0, 1
6358.03
 P 0, 1
6369.33
 P 0, 1
6384.43
 P 0, 1
6399.56
 P 0, 1
6411.06
 P 0, 1
6424.21
 P 0, 1
6449.55
 P 0, 1
6463.03
 P 0, 1
6476.89
 P 0, 1
6491.33
 P 0, 1
6505.03
 P 0, 1
6519.1
 P 0, 1
6532.78
 P 0, 1
6590.73
 P 0, 1
7593.03
 - 1243.59, 2.14
 - 1232.57, 0.97
 - 1226.54, 0.72
 - 1179.39, 1.83
 - 1155.1, 2.61
 - 1139.93, 0.65
 - 1109.79, 0.63
 - 1058.98, 0.26
 - 1022.47, 0.56
 - 988.15, 0.4
 - 970.917, 0.6
 - 846.688, 1.48
 - 822.811, 0.6
 - 762.13, 0.38
 - 759.949, 0.09
 - 641.164, 0.88
 - 627.237, 0.17
 - 540.988, 0.63
 - 475.425, 0.05
 - 420.068, 3.76
 - 362.801, 1.13
 - 290.781, 1.21
 U 6590.73, 0.15
 U 6590.73, 0.17
 U 6590.73, 0.26
 U 6532.78, 0.3
 U 6532.78, 0.2
 U 6519.1, 0.64
 U 6505.03, 0.18
 U 6505.03, 0.11
 U 6491.33, 0.49
 U 6491.33, 0.21
 U 6476.89, 0.38
 U 6476.89, 0.38
 U 6476.89, 0.24
 U 6476.89, 0.24
 U 6476.89, 1.24
 U 6463.03, 0.31
 U 6449.55, 0.35
 U 6449.55, 0.43
 U 6449.55, 0.32
 U 6424.21, 0.55
 U 6424.21, 0.18
 U 6411.06, 0.32
 U 6411.06, 0.1
 U 6411.06, 0.7
 U 6399.56, 0.59
 U 6399.56, 0.41
 U 6384.43, 0.09
 U 6384.43, 0.06
 U 6369.33, 0.22
 U 6369.33, 0.13
 U 6358.03, 0.11
 U 6358.03, 0.2
 U 6332.8, 0.5
 U 6317.03, 0.25
 U 6285.53, 0.26
 U 6232.93, 0.07
 U 6232.93, 0.43
 U 6212.57, 0.26
 U 6187.98, 0.38
 U 6187.98, 0.19
 U 6176.56, 0.2
 U 6158.7, 0.24
 U 6146.63, 0.12
 U 6146.63, 0.14
 U 6129.63, 0.27
 U 6129.63, 0.15
 U 6106.03, 0.22
 U 6088.24, 0.32
 U 6088.24, 0.14
 U 6088.24, 0.1
 U 6056.03, 0.12
 U 6056.03, 0.46
 U 6056.03, 0.49
 U 6056.03, 0.58
 U 6045.6, 0.75
 U 6045.6, 0.97
 U 6045.6, 1.21
 U 6045.6, 1.36
 U 6034.04, 0.33
 U 6034.04, 0.27
 U 6034.04, 0.06
 U 6016.64, 0.26
 U 6016.64, 0.32
 U 6000.78, 0.29
 U 6000.78, 0.08
 U 5972.73, 0.16
 U 5972.73, 0.11
 U 5959.82, 0.35
 U 5959.82, 0.34
 U 5945.23, 0.19
 U 5945.23, 0.87
 U 5945.23, 0.12
 U 5925.24, 0.38
 U 5925.24, 0.33
 U 5912.43, 0.18
 U 5896.63, 0.1
 U 5880.13, 0.19
 U 5833.58, 0.31
 U 5820.23, 0.35
 U 5820.23, 0.09
 U 5772.88, 0.23
 U 5761.21, 0.69
 U 5743.73, 0.17
 U 5728.27, 0.5
 U 5714.43, 0.19
 U 5714.43, 0.18
 U 5695.83, 0.08
 U 5695.83, 0.11
 U 5684.93, 0.08
 U 5684.93, 0.21
 U 5628.73, 0.21
 U 5615.29, 0.23
 U 5602.43, 0.12
 U 5588.98, 0.6
 U 5577.23, 0.07
 U 5562.65, 0.96
 U 5562.65, 0.14
 U 5552.43, 0.18
 U 5539.49, 0.22
 U 5504.13, 0.11
 U 5504.13, 0.19
 U 5448.23, 0.12
 U 5448.23, 0.23
 U 5428.77, 0.18
 U 5428.77, 0.59
 U 5417.67, 0.21
 U 5355.33, 0.13
 U 5355.33, 0.16
 U 5334.44, 0.14
 U 5334.44, 1.12
 U 5314.13, 0.07
 U 5314.13, 0.13
 U 5282.83, 0.05
 U 5282.83, 0.1
 U 5282.83, 0.13
 U 5269.02, 0.14
 U 5269.02, 0.39
 U 5258.23, 0.14
 U 5258.23, 0.26
 U 5237.03, 0.09
 U 5237.03, 0.46
 U 5220.93, 0.09
 U 5220.93, 0.05
 U 5205.89, 0.23
 U 5195.5, 0.38
 U 5195.5, 0.1
 U 5184.27, 0.06
 U 5184.27, 0.45
 U 5166.68, 0.18
 U 5149.82, 0.21
 U 5130.13, 0.23
 U 5130.13, 0.14
 U 5101.18, 0.14
 U 5101.18, 0.08
 U 5063.13, 0.06
 U 5063.13, 0.07
 U 5045.01, 0.13
 U 5045.01, 0.09
 U 5030.54, 0.1
 U 4985.73, 0.07
 U 4970.89, 0.15
 U 4970.89, 0.31
 U 4951.93, 0.06
 U 4951.93, 0.08
 U 4938.59, 0.13
 U 4926.18, 0.09
 U 4926.18, 0.21
 U 4906.69, 0.09
 U 4906.69, 0.14
 U 4877.61, 0.3
 U 4877.61, 0.1
 U 4866.83, 0.1
 U 4866.83, 0.08
 U 4830.22, 0.26
 U 4830.22, 0.05
 U 4830.22, 0.07
 U 4817.62, 0.07
 U 4817.62, 0.07
 U 4804.16, 0.08
 U 4791.36, 0.09
 U 4791.36, 0.13
 U 4768.93, 0.11
 U 4768.93, 0.1
 U 4754.88, 0.1
 U 4754.88, 0.08
 U 4743.8, 0.09
 U 4720.11, 0.18
 U 4720.11, 0.12
 U 4720.11, 0.08
 U 4699.32, 0.14
 U 4699.32, 0.08
 U 4685.92, 0.08
 U 4665.93, 0.07
 U 4665.93, 0.05
 U 4646.97, 0.19
 U 4646.97, 0.11
 U 4646.97, 0.37
 U 4628.13, 0.13
 U 4617.73, 0.08
 U 4598.9, 0.2
 U 4598.9, 0.13
 U 4588.62, 0.1
 U 4588.62, 0.09
 U 4563.71, 0.19
 U 4563.71, 0.21
 U 4547.76, 0.13
 U 4547.76, 0.11
 U 4531.73, 0.13
 U 4515.55, 0.11
 U 4515.55, 0.24
 U 4515.55, 0.1
 U 4500.05, 0.23
 U 4486.83, 0.3
 U 4486.83, 0.09
 U 4472.75, 0.14
 U 4459.91, 0.11
 U 4459.91, 0.1
 U 4448.23, 0.07
 U 4448.23, 0.21
 U 4448.23, 0.09
 U 4437.13, 0.07
 U 4437.13, 0.08
 U 4437.13, 0.1
 U 4426.38, 0.15
 U 4426.38, 0.08
 U 4426.38, 0.06
 U 4426.38, 0.07
 U 4412.74, 0.08
 U 4412.74, 0.13
 U 4397.25, 0.04
 U 4397.25, 0.07
 U 4372.73, 0.07
 U 4372.73, 0.11
 U 4362.4, 0.09
 U 4362.4, 0.08
 U 4350.77, 0.09
 U 4350.77, 0.14
 U 4339.86, 0.19
 U 4339.86, 0.09
 U 4324.93, 0.07
 U 4324.93, 0.09
 U 4307.1, 0.06
 U 4295.73, 0.08
 U 4266.13, 0.05
 U 4266.13, 0.08
 U 4266.13, 0.11
 U 4251.31, 0.12
 U 4251.31, 0.15
 U 4236.93, 0.08
 U 4236.93, 0.11
 U 4236.93, 0.1
 U 4219.82, 0.07
 U 4207.43, 0.08
 U 4207.43, 0.14
 U 4193.63, 0.07
 U 4181.79, 0.37
 U 4171.31, 0.07
 U 4171.31, 0.14
 U 4160.39, 0.12
 U 4160.39, 0.09
 U 4147.4, 0.29
 U 4147.4, 0.17
 U 4136.72, 0.07
 U 4136.72, 0.06
 U 4123.58, 0.28
 U 4123.58, 0.19
 U 4123.58, 0.25
 U 4101.67, 0.11
 U 4101.67, 0.12
 U 4101.67, 0.3
 U 4090.43, 0.15
 U 4090.43, 0.12
 U 4077.63, 0.14
 U 4077.63, 0.1
 U 4064.23, 0.06
 U 4064.23, 0.18
 U 4064.23, 0.05
 U 4041.03, 0.07
 U 4041.03, 0.15
 U 4027.28, 0.1
 U 4027.28, 0.13
 U 4014.71, 0.23
 U 4014.71, 0.11
 U 3989.81, 0.1
 U 3989.81, 0.28
 U 3962.46, 0.1
 U 3945.3, 0.1
 U 3945.3, 0.37
 U 3930.23, 0.09
 U 3930.23, 0.32
 U 3919.02, 0.46
 U 3919.02, 0.18
 U 3907.59, 0.12
 U 3907.59, 0.13
 U 3887.48, 0.15
 U 3887.48, 0.21
 U 3865.58, 0.13
 U 3848.38, 0.09
 U 3837.23, 0.21
 U 3837.23, 0.31
 U 3824.13, 0.06
 U 3824.13, 0.07
 U 3824.13, 0.06
 U 3808.79, 0.14
 U 3793.52, 0.26
 U 3793.52, 0.04
 U 3781.73, 0.07
 U 3781.73, 0.11
 U 3756.13, 0.05
 U 3756.13, 0.13
 U 3756.13, 0.05
 U 3740.02, 0.3
 U 3740.02, 0.28
 U 3723.93, 0.12
 U 3723.93, 0.29
 U 3708.42, 0.08
 U 3684.94, 0.24
 U 3684.94, 0.08
 U 3684.94, 0.16
 U 3670.91, 0.12
 U 3670.91, 0.19
 U 3659, 0.17
 U 3639.94, 0.11
 U 3639.94, 0.14
 U 3639.94, 0.11
 U 3628.53, 0.05
 U 3615.33, 0.06
 U 3587.2, 0.12
 U 3587.2, 0.23
 U 3570.38, 0.16
 U 3547.53, 0.09
 U 3535.12, 0.24
 U 3535.12, 0.11
 U 3519.94, 0.12
 U 3519.94, 0.16
 U 3494.26, 0.22
 U 3494.26, 0.04
 U 3494.26, 0.07
 U 3481.19, 0.07
 U 3481.19, 0.07
 U 3465.4, 0.23
 U 3449.83, 0.06
 U 3449.83, 0.15
 U 3433.31, 0.45
 U 3433.31, 0.24
 U 3420.21, 0.17
 U 3420.21, 0.06
 U 3402.72, 0.15
 U 3402.72, 0.14
 U 3387.62, 0.1
 U 3387.62, 0.23
 U 3368.44, 0.17
 U 3368.44, 0.13
 U 3368.44, 0.45
 U 3356.45, 0.26
 U 3356.45, 0.48
 U 3344.12, 0.11
 U 3327.47, 0.06
 U 3315.44, 0.06
 U 3315.44, 0.1
 U 3301.87, 0.14
 U 3301.87, 0.28
 U 3289.33, 0.14
 U 3289.33, 0.36
 U 3277.14, 0.07
 U 3259.18, 0.29
 U 3248.92, 0.1
 U 3238.15, 0.09
 U 3238.15, 0.05
 U 3238.15, 0.16
 U 3222.11, 0.2
 U 3198.94, 0.26
 U 3181.76, 0.35
 U 3155.38, 0.21
 U 3155.38, 0.17
 U 3104.2, 0.29
 U 3075.88, 0.19
 U 3075.88, 0.08
 U 3043.5, 0.13
 U 3043.5, 0.74
 U 3033.5, 0.29
 U 3011.45, 0.27
 U 3011.45, 0.08
 U 2992.94, 0.2
 U 2992.94, 0.14
 U 2981.66, 0.18
 U 2981.66, 0.58
 U 2955.89, 0.15
 U 2939.87, 0.21
 U 2914.01, 0.15
 U 2914.01, 0.27
 U 2897.53, 0.09
 U 2897.53, 0.23
 U 2880.86, 0.44
 U 2880.86, 0.2
 U 2852.31, 0.34
 U 2822.99, 0.22
 U 2822.99, 0.18
 U 2809.66, 0.22
 U 2790.02, 0.27
 U 2790.02, 0.3
 U 2738.63, 0.07
 U 2738.63, 0.08
 U 2712.23, 0.2
 U 2712.23, 0.04
 U 2696.44, 0.48
 U 2685, 0.4
 U 2685, 0.09
 U 2669.93, 0.2
 U 2669.93, 0.11
 U 2658.13, 0.04
 U 2658.13, 0.87
 U 2631.18, 0.18
 U 2601.71, 0.12
 U 2575.94, 0.53
 U 2575.94, 0.23
 U 2546.51, 0.12
 U 2546.51, 0.14
 U 2546.51, 1.25
 U 2508.4, 0.08
 U 2508.4, 0.31
 U 2508.4, 0.5
 U 2492.7, 0.47
 U 2476.67, 1.11
 U 2476.67, 0.19
 U 2461.89, 1.23
 U 2445.97, 0.05
 U 2445.97, 0.15
 U 2433.16, 0.1
 U 2415.04, 0.24
 U 2415.04, 0.87
 U 2393.19, 0.3
 U 2376.7, 0.07
 U 2376.7, 0.1
 U 2364.57, 0.06
 U 2364.57, 0.05
 U 2340.83, 2.07
 U 2340.83, 0.35
 U 2322.49, 0.07
 U 2322.49, 0.09
 U 2307.04, 0.93
 U 2307.04, 0.16
 U 2284.16, 0.3
 U 2270.42, 0.05
 U 2270.42, 0.15
 U 2258.04, 0.14
 U 2258.04, 0.3
 U 2258.04, 0.36
 U 2258.04, 0.18
 U 2242.12, 0.07
 U 2228.44, 0.21
 U 2228.44, 0.06
 U 2197, 0.09
 U 2197, 0.14
 U 2179.39, 0.44
 U 2179.39, 0.12
 U 2153.61, 0.58
 U 2153.61, 0.13
 U 2138.01, 0.36
 U 2138.01, 0.07
 U 2121.97, 0.53
 U 2121.97, 0.04
 U 2099.25, 0.07
 U 2099.25, 0.09
 U 2079.72, 0.11
 U 2059.03, 1.06
 U 2059.03, 0.15
 U 2036.19, 0.91
 U 2025.23, 0.05
 U 2025.23, 0.07
 U 1996.43, 0.06
 U 1996.43, 0.21
 U 1979.48, 0.15
 U 1964.95, 0.05
 U 1940.41, 1.61
 U 1925.22, 0.3
 U 1925.22, 0.29
 U 1914.73, 0.04
 U 1914.73, 0.86
 U 1903.6, 0.66
 U 1903.6, 0.94
 U 1867.85, 0.92
 U 1867.85, 0.05
 U 1851.36, 0.05
 U 1835.38, 0.19
 U 1835.38, 0.07
 U 1800.73, 0.04
 U 1790.13, 0.05
 U 1790.13, 0.14
 U 1760.2, 0.08
 U 1760.2, 0.48
 U 1760.2, 0.22
 U 1743.64, 1.78
 U 1722.83, 0.06
 U 1680.12, 1.61
 U 1643.18, 0.13
 U 1550.27, 1.58
 U 1550.27, 0.08
 U 1539.53, 0.06
 U 1539.53, 0.08
 U 1488.79, 3.03
 U 1476.56, 0.88
 U 1383.26, 0.19
 U 1370.87, 1.47
 U 1325.34, 0.05
 - 1276.2, 0.21
 - 1243.59, 0.26
 - 1232.57, 0.2
 - 1186.68, 0.16
 - 1179.39, 0.23
 U 723.872, 0.05
 U 184.502, 0.07
 U 164.382, 0.05
 - 75.0621, 0.28
 - 45.9492, 0.85
