37.054
 - 0, 27.1
 E 0, 42.276
85.844
 - 37.054, 0.11
 E 37.054, 33.88
256.431
 - 37.054, 5.3
 E 37.054, 0.04505
271.374
 - 37.054, 2.9
 E 37.054, 0.0203
 - 0, 6.3
281.291
 - 37.054, 5.1
299.89
 - 0, 1.5
309.472
 - 85.844, 2.2
 E 85.844, 0.03058
314.982
 - 271.374, 0.047
 - 0, 5.7
 E 0, 0.03363
331.049
 - 85.844, 10.8
 E 85.844, 0.06588
331.403
 - 281.291, 0.62
 - 256.431, 0.26
 E 256.431, 0.06656
 - 37.054, 1.52
 E 37.054, 0.005624
366.608
 - 271.374, 0.053
 - 256.431, 0.068
 - 37.054, 0.24
 - 0, 3.8
 E 0, 0.0076
379.891
 - 85.844, 0.02
380.46
 - 281.291, 0.14
 - 271.374, 0.013
 - 256.431, 0.54
 - 37.054, 1.7
385.727
 - 281.291, 0.058
 - 85.844, 1.5
390.519
 - 331.049, 8.5
 E 331.049, 4.1905
456.377
 - 380.46, 0.06
 - 309.472, 0.27
 - 299.89, 0.013
 - 281.291, 0.28
 - 85.844, 0.33
468.982
 - 331.403, 0.031
 - 314.982, 0.025
 - 281.291, 0.016
 - 271.374, 0.25
 - 0, 4.6
469.273
 - 390.519, 0.008
 - 380.46, 0.022
 - 309.472, 0.3
 - 281.291, 0.03
 - 37.054, 1.22
492.886
 - 380.46, 0.054
 - 366.608, 0.33
 - 331.403, 0.014
 - 299.89, 0.007
 - 281.291, 0.64
 E 281.291, 0.01024
 - 271.374, 0.057
 - 256.431, 0.59
 - 37.054, 0.43
 - 0, 0.49
500.075
 - 309.472, 0.15
 - 281.291, 0.5
523.295
 - 385.727, 0.031
 - 379.891, 0.02
 - 309.472, 0.119
549.562
 - 468.982, 0.099
 - 390.519, 0.25
 - 309.472, 0.14
 - 271.374, 0.165
 - 0, 0.82
572.931
 - 385.727, 0.019
 - 309.472, 0.13
586.122
 - 390.519, 6.4
 E 390.519, 0.07552
608.815
 - 0, 0.64
646.529
 - 331.049, 0.68
660.565
 - 586.122, 0.039
 - 549.562, 0.012
 - 468.982, 0.036
 - 314.982, 0.34
 - 271.374, 0.81
 - 0, 1.22
682.977
 - 500.075, 0.008
 - 456.377, 0.053
 - 379.891, 0.028
 - 309.472, 0.16
685.263
 - 385.727, 0.23
 - 309.472, 0.058
718.01
 - 309.472, 0.076
723.989
 - 468.982, 0.018
 - 366.608, 0.06
 - 314.982, 0.2
 - 271.374, 0.93
 - 37.054, 0.19
 - 0, 0.17
727.076
 - 469.273, 0.03
 - 380.46, 0.05
 - 366.608, 0.054
 - 331.403, 0.034
 - 281.291, 0.03
 - 256.431, 0.28
 - 37.054, 1.23
731.151
 - 549.562, 0.073
 - 468.982, 0.061
 - 366.608, 0.05
 - 331.403, 0.03
 - 271.374, 0.67
 - 0, 0.19
737.138
 - 366.608, 0.33
 - 314.982, 0.17
765.89
 - 660.565, 0.046
 - 468.982, 0.38
 - 314.982, 0.2
771.04
 - 523.295, 0.06
805.125
 - 723.989, 0.013
 - 660.565, 0.011
 - 492.886, 0.021
 - 366.608, 0.15
813.89
 - 586.122, 0.019
 - 468.982, 0.11
 - 390.519, 0.04
 - 271.374, 1.7
825.239
 - 331.049, 0.12
830.876
 - 660.565, 0.02
 - 468.982, 0.085
 - 366.608, 0.08
 - 37.054, 0.1
 - 0, 0.85
852.351
 - 366.608, 0.21
 - 271.374, 0.14
 - 256.431, 0.25
 - 37.054, 0.68
860.654
 - 586.122, 2.2
 E 586.122, 0.01826
 - 549.562, 0.1
 - 366.608, 0.12
 - 331.403, 0.26
 - 314.982, 0.12
 - 271.374, 0.06
883.66
 - 0, 0.42
908.052
 - 723.989, 0.017
 - 660.565, 0.096
 - 586.122, 0.22
 - 549.562, 0.09
 - 271.374, 0.33
914.582
 - 723.989, 0.15
 - 660.565, 0.043
 - 331.403, 0.14
 - 271.374, 0.08
 - 0, 0.83
958.458
 - 908.052, 0.032
 - 852.351, 0.006
 - 830.876, 0.01
 - 256.431, 0.98
971.732
 - 830.876, 0.009
 - 765.89, 0.011
 - 723.989, 0.06
 - 586.122, 0.39
 - 549.562, 0.17
 - 468.982, 0.06
997.318
 - 852.351, 0.008
 - 492.886, 0.09
 - 366.608, 0.03
 - 281.291, 0.22
 - 37.054, 0.08
1021.33
 - 971.732, 0.019
 - 914.582, 0.007
 - 765.89, 0.057
 - 299.89, 0.56
1022.39
 - 958.458, 0.013
 - 765.89, 0.019
 - 737.138, 0.026
 - 586.122, 0.068
 - 314.982, 0.1
 - 271.374, 0.43
 - 256.431, 0.88
 - 0, 0.21
1051.56
 - 366.608, 0.41
 - 0, 0.23
1053.63
 - 914.582, 0.013
 - 830.876, 0.019
 - 660.565, 0.038
 - 492.886, 0.1
 - 0, 0.62
1065.2
 - 860.654, 0.007
 - 723.989, 0.034
 - 586.122, 0.27
 - 309.472, 0.19
1075.53
 - 852.351, 0.028
 - 456.377, 0.1
 - 256.431, 0.1
1105.6
 P 0, 1
1116.92
 - 997.318, 0.011
 - 813.89, 0.028
 - 549.562, 0.12
 - 256.431, 0.56
1143.42
 - 971.732, 0.009
 - 908.052, 0.011
 - 660.565, 0.21
 - 586.122, 0.54
 - 0, 0.3
1146.39
 - 1053.63, 0.008
 - 1021.33, 0.008
 - 908.052, 0.029
 - 852.351, 0.02
 - 830.876, 0.68
 - 727.076, 0.046
 - 256.431, 0.29
1148.05
 - 914.582, 0.041
 - 765.89, 0.1
 - 469.273, 0.15
 - 271.374, 0.24
 - 0, 0.39
1190.73
 - 914.582, 0.07
 - 586.122, 0.3
 - 271.374, 0.33
 - 0, 0.27
1198.22
 - 1146.39, 0.019
 - 971.732, 0.053
 - 914.582, 0.027
 - 908.052, 0.022
 - 852.351, 0.07
1203.01
 - 727.076, 0.016
 - 379.891, 0.06
 - 314.982, 0.23
 - 281.291, 0.11
 - 0, 0.13
1212.3
 - 1075.53, 0.083
 - 1053.63, 0.012
 - 1051.56, 0.008
 - 914.582, 0.034
 - 366.608, 0.39
 - 281.291, 0.05
 - 37.054, 0.13
1223.97
 - 314.982, 0.25
 - 299.89, 0.09
 - 271.374, 0.19
 - 256.431, 0.11
1248.81
 - 971.732, 0.042
 - 914.582, 0.07
 - 314.982, 0.16
 - 271.374, 0.21
 - 0, 0.84
1279.4
 - 37.054, 0.06
1320.24
 - 1203.01, 0.011
 - 1143.42, 0.02
 - 492.886, 0.2
 - 469.273, 0.11
 - 0, 0.15
1322.1
 - 1116.92, 0.012
 - 727.076, 0.1
 - 456.377, 0.14
 - 0, 0.22
1357.8
 - 0, 0.14
1358.86
 - 1148.05, 0.012
 - 1053.63, 0.028
 - 860.654, 0.36
 - 549.562, 0.09
 - 271.374, 0.12
 - 85.844, 0.08
1390.7
 P 0, 1
1403.4
 P 0, 1
1453.8
 - 271.374, 0.1
1490.2
 P 0, 1
1535.9
 P 0, 1
1549.7
 P 0, 1
1581.7
 - 0, 0.02
1645.29
 - 0, 0.17
1668.1
 - 37.054, 0.09
1719.3
 P 0, 1
1744.4
 P 0, 1
1813
 P 0, 1
1838
 P 0, 1
1850.6
 P 0, 1
1887.2
 P 0, 1
1906.9
 P 0, 1
1918.9
 P 0, 1
1949.8
 P 0, 1
1968.94
 - 0, 0.17
2008.5
 P 0, 1
2023.7
 P 0, 1
2059
 P 0, 1
2109.7
 P 0, 1
2162.6
 P 0, 1
2198.4
 P 0, 1
2240.2
 P 0, 1
2264
 P 0, 1
2358.2
 P 0, 1
2397.8
 P 0, 1
2419.7
 P 0, 1
2430.2
 P 0, 1
2445.7
 P 0, 1
2498.6
 P 0, 1
2539.1
 P 0, 1
2555.8
 P 0, 1
2575.6
 P 0, 1
2603.5
 P 0, 1
2718.6
 P 0, 1
2730.4
 P 0, 1
2842.5
 P 0, 1
2905.3
 P 0, 1
2923.7
 P 0, 1
2994.3
 P 0, 1
3077.1
 P 0, 1
3119
 P 0, 1
3241.4
 P 0, 1
3255.6
 P 0, 1
3290.9
 P 0, 1
3324.2
 P 0, 1
3353.1
 P 0, 1
3371.5
 P 0, 1
3386.2
 P 0, 1
3403.7
 P 0, 1
3425.8
 P 0, 1
3438.1
 - 37.054, 0.08
3458.1
 P 0, 1
3496.9
 P 0, 1
3520.3
 P 0, 1
3542.3
 P 0, 1
3582.6
 P 0, 1
3600.8
 P 0, 1
3619.1
 P 0, 1
3662.6
 P 0, 1
3737.4
 P 0, 1
3775.3
 P 0, 1
3834.4
 P 0, 1
3853.7
 P 0, 1
3868
 P 0, 1
3894.9
 P 0, 1
3933.3
 P 0, 1
3943.9
 P 0, 1
3967.6
 P 0, 1
3986.3
 P 0, 1
4063.1
 P 0, 1
4076.3
 P 0, 1
4119.4
 P 0, 1
4133.6
 P 0, 1
4166.4
 P 0, 1
4204.8
 P 0, 1
4256.1
 P 0, 1
4283.1
 P 0, 1
4293.8
 P 0, 1
4321.1
 P 0, 1
4371.7
 P 0, 1
4443.1
 P 0, 1
4461.7
 P 0, 1
4477.1
 P 0, 1
4625
 - 0, 0.09
4690.1
 P 0, 1
4725.7
 P 0, 1
5296.9
 P 0, 1
5366.4
 P 0, 1
5376.6
 P 0, 1
5580.9
 P 0, 1
5820.1
 P 0, 1
5908.8
 P 0, 1
5977.7
 P 0, 1
5992.4
 P 0, 1
6040.8
 P 0, 1
6081.1
 P 0, 1
6097.2
 P 0, 1
6138.8
 P 0, 1
6149.4
 P 0, 1
6163.2
 P 0, 1
6176.7
 P 0, 1
6262.4
 P 0, 1
6340.9
 P 0, 1
6352.6
 P 0, 1
6393.8
 P 0, 1
6411.5
 P 0, 1
6429.3
 P 0, 1
6463.3
 P 0, 1
6479.3
 P 0, 1
6500.1
 P 0, 1
6512.5
 P 0, 1
6528.3
 P 0, 1
6540.9
 P 0, 1
6555.5
 P 0, 1
6567.6
 P 0, 1
6602
 P 0, 1
6627.9
 P 0, 1
6639
 P 0, 1
6654.8
 P 0, 1
6673.3
 P 0, 1
6699.8
 P 0, 1
6736.5
 P 0, 1
6784.48
 P 0, 1
6806.7
 P 0, 1
6817.9
 P 0, 1
6858.4
 P 0, 1
6890.29
 P 0, 1
7892.4
 - 3438.1, 0.07
 - 1968.94, 0.28
 - 1668.1, 0.08
 - 1645.29, 0.32
 - 1581.7, 0.17
 - 1453.8, 0.21
 - 1358.86, 0.39
 - 1322.1, 0.19
 - 1320.24, 0.16
 - 1279.4, 0.18
 - 1248.81, 0.4
 - 1223.97, 0.28
 - 1203.01, 0.24
 - 1198.22, 0.3
 - 1190.73, 0.18
 - 1148.05, 0.2
 - 1143.42, 0.33
 - 1065.2, 0.07
 - 1053.63, 0.15
 - 1021.33, 0.17
 - 997.318, 0.16
 - 914.582, 0.22
 - 908.052, 0.1
 - 860.654, 0.8
 - 813.89, 0.95
 - 765.89, 0.3
 - 737.138, 0.03
 - 731.151, 0.07
 - 727.076, 0.06
 - 723.989, 0.12
 - 660.565, 0.32
 - 549.562, 0.06
 - 468.982, 0.98
 - 380.46, 0.22
 - 331.049, 0.05
 - 314.982, 2.2
 - 281.291, 0.2
 - 271.374, 0.12
 - 256.431, 0.12
 - 0, 0.14
 U 6890.29, 0.24
 U 6890.29, 0.1
 U 6890.29, 0.14
 U 6858.4, 0.16
 U 6858.4, 0.16
 U 6817.9, 0.18
 U 6817.9, 0.24
 U 6806.7, 0.11
 U 6784.48, 0.25
 U 6736.5, 0.07
 U 6736.5, 0.14
 U 6736.5, 0.09
 U 6699.8, 0.11
 U 6699.8, 0.17
 U 6673.3, 0.12
 U 6673.3, 0.13
 U 6654.8, 0.05
 U 6639, 0.07
 U 6627.9, 0.16
 U 6602, 0.08
 U 6602, 0.15
 U 6567.6, 0.17
 U 6567.6, 0.2
 U 6555.5, 0.1
 U 6540.9, 0.08
 U 6528.3, 0.15
 U 6512.5, 0.08
 U 6500.1, 0.21
 U 6500.1, 0.06
 U 6479.3, 0.18
 U 6463.3, 0.28
 U 6429.3, 0.11
 U 6411.5, 0.08
 U 6393.8, 0.11
 U 6352.6, 0.22
 U 6340.9, 0.35
 U 6340.9, 0.56
 U 6262.4, 0.07
 U 6176.7, 0.11
 U 6163.2, 0.15
 U 6163.2, 0.12
 U 6149.4, 0.08
 U 6138.8, 0.17
 U 6138.8, 0.1
 U 6138.8, 0.12
 U 6097.2, 0.07
 U 6081.1, 0.06
 U 6081.1, 0.1
 U 6040.8, 0.07
 U 5992.4, 0.11
 U 5992.4, 0.06
 U 5977.7, 0.09
 U 5908.8, 0.14
 U 5820.1, 0.13
 U 5580.9, 0.13
 U 5376.6, 0.14
 U 5366.4, 0.16
 U 5296.9, 0.15
 U 4725.7, 0.06
 U 4690.1, 0.05
 - 4625, 0.06
 U 4477.1, 0.07
 U 4461.7, 0.02
 U 4443.1, 0.06
 U 4371.7, 0.08
 U 4321.1, 0.06
 U 4293.8, 0.14
 U 4283.1, 0.08
 U 4256.1, 0.07
 U 4204.8, 0.06
 U 4204.8, 0.05
 U 4166.4, 0.05
 U 4133.6, 0.06
 U 4119.4, 0.06
 U 4076.3, 0.06
 U 4063.1, 0.06
 U 3986.3, 0.07
 U 3967.6, 0.07
 U 3943.9, 0.05
 U 3943.9, 0.06
 U 3933.3, 0.06
 U 3894.9, 0.09
 U 3868, 0.1
 U 3853.7, 0.08
 U 3834.4, 0.07
 U 3775.3, 0.07
 U 3737.4, 0.09
 U 3737.4, 0.12
 U 3662.6, 0.07
 U 3662.6, 0.11
 U 3619.1, 0.04
 U 3600.8, 0.06
 U 3582.6, 0.06
 U 3582.6, 0.06
 U 3542.3, 0.06
 U 3542.3, 0.07
 U 3520.3, 0.07
 U 3496.9, 0.14
 U 3496.9, 0.04
 U 3458.1, 0.08
 U 3458.1, 0.06
 U 3425.8, 0.11
 U 3403.7, 0.09
 U 3386.2, 0.16
 U 3386.2, 0.12
 U 3371.5, 0.16
 U 3353.1, 0.02
 U 3324.2, 0.1
 U 3290.9, 0.04
 U 3290.9, 0.08
 U 3255.6, 0.13
 U 3255.6, 0.12
 U 3255.6, 0.11
 U 3241.4, 0.11
 U 3119, 0.1
 U 3077.1, 0.05
 U 2994.3, 0.11
 U 2923.7, 0.08
 U 2905.3, 0.07
 U 2842.5, 0.2
 U 2842.5, 0.1
 U 2730.4, 0.05
 U 2718.6, 0.06
 U 2603.5, 0.18
 U 2575.6, 0.54
 U 2555.8, 0.11
 U 2539.1, 0.25
 U 2539.1, 0.09
 U 2498.6, 0.11
 U 2498.6, 0.21
 U 2445.7, 0.09
 U 2430.2, 0.05
 U 2419.7, 0.13
 U 2397.8, 0.03
 U 2358.2, 0.15
 U 2264, 0.23
 U 2240.2, 0.14
 U 2240.2, 0.05
 U 2198.4, 0.07
 U 2162.6, 0.11
 U 2109.7, 0.05
 U 2059, 0.07
 U 2059, 0.1
 U 2023.7, 0.42
 U 2023.7, 0.13
 U 2008.5, 0.13
 - 1968.94, 0.11
 U 1949.8, 0.11
 U 1918.9, 0.1
 U 1906.9, 0.07
 U 1906.9, 0.04
 U 1887.2, 0.14
 U 1850.6, 0.09
 U 1838, 0.26
 U 1838, 0.23
 U 1813, 0.21
 U 1744.4, 0.42
 U 1719.3, 0.36
 - 1668.1, 0.14
 U 1549.7, 0.06
 U 1535.9, 0.62
 U 1490.2, 0.17
 U 1403.4, 0.1
 U 1390.7, 0.16
 - 1358.86, 0.09
 - 1248.81, 0.25
 - 1223.97, 0.24
 - 1190.73, 0.17
 - 1116.92, 0.07
 U 1105.6, 0.07
 - 1022.39, 0.05
