881.69
 - 0, 100
1897.78
 - 881.69, 5.2
 - 0, 10.81
2095.01
 - 881.69, 39.9
2345.6
 - 1897.78, 0.95
 - 881.69, 34.2
2623.2
 - 881.69, 2.1
 - 0, 0.37
2700.39
 - 2345.6, 0.35
 - 2095.01, 1.92
 - 1897.78, 7.31
2759.39
 - 881.69, 0.89
 - 0, 0.61
2771.1
 - 2345.6, 14.24
2861.14
 - 2095.01, 0.6
 - 1897.78, 3.18
 - 881.69, 5.17
3042.19
 - 2095.01, 2.15
 - 881.69, 2.78
3082.53
 - 2700.39, 0.88
 - 2345.6, 1.51
 - 2095.01, 1.23
 - 881.69, 1.16
3172.7
 - 2095.01, 2.27
3183.3
 - 2095.01, 0.39
 - 881.69, 0.51
3219.4
 - 2771.1, 2.84
 - 2095.01, 6.83
3288.97
 - 2345.6, 3.43
3312.53
 - 2771.1, 1.42
 - 2700.39, 2.01
 - 2345.6, 0.4
3408.25
 - 2861.14, 1.58
 - 2771.1, 1.21
 - 2700.39, 1.06
3426.77
 - 2095.01, 1.89
 - 881.69, 1.31
3463.2
 - 3219.4, 0.4
3587.2
 - 3219.4, 2.56
 - 2771.1, 0.08
3638.61
 - 3219.4, 3.03
 - 3172.7, 0.35
 - 2700.39, 2.16
 - 2345.6, 1.84
 - 2095.01, 2.34
3718.14
 - 2095.01, 1.57
3777
 - 2095.01, 1.02
4001.96
 - 3082.53, 1.07
 - 2771.1, 1.49
 - 2345.6, 1.34
4214.56
 - 3312.53, 0.66
 - 2771.1, 1.14
4238.7
 - 4001.96, 0.8
4278.4
 - 2771.1, 0.17
4455.9
 - 3172.7, 0.52
4594.9
 - 2771.1, 0.43
4676.77
 - 2771.1, 0.76
5023.4
 P 0, 1
5040.4
 P 0, 1
5080.1
 P 0, 1
5123.1
 P 0, 1
5142.6
 P 0, 1
5168.6
 P 0, 1
5215.1
 P 0, 1
5241.4
 P 0, 1
5259.2
 P 0, 1
5287.4
 P 0, 1
5299.7
 P 0, 1
5327.3
 P 0, 1
5348.3
 P 0, 1
5363.6
 P 0, 1
5425
 P 0, 1
5446.9
 P 0, 1
5476.6
 P 0, 1
5505
 P 0, 1
5538
 P 0, 1
5567.2
 P 0, 1
5583.8
 P 0, 1
5596.1
 P 0, 1
5617.5
 P 0, 1
5627.7
 P 0, 1
5642.6
 P 0, 1
5667
 P 0, 1
5730.4
 P 0, 1
5740.6
 P 0, 1
5755.9
 P 0, 1
5833.3
 P 0, 1
5848
 P 0, 1
5863.7
 P 0, 1
5923.1
 P 0, 1
5937.8
 P 0, 1
5972.8
 P 0, 1
6036.3
 P 0, 1
6059.7
 P 0, 1
6082.4
 P 0, 1
6126.5
 P 0, 1
6154.6
 P 0, 1
6166.1
 P 0, 1
6193.9
 P 0, 1
6215.5
 P 0, 1
6231.6
 P 0, 1
6282.9
 P 0, 1
6405.3
 P 0, 1
6428.1
 P 0, 1
6485.6
 P 0, 1
6529.5
 P 0, 1
6545.2
 P 0, 1
6558.4
 P 0, 1
6579.1
 P 0, 1
6625.5
 P 0, 1
6715.2
 P 0, 1
6732.1
 P 0, 1
6770.5
 P 0, 1
6785.3
 P 0, 1
6858
 P 0, 1
6909.9
 P 0, 1
6929.6
 P 0, 1
6970.2
 P 0, 1
6991.4
 P 0, 1
7017.2
 P 0, 1
7062.4
 P 0, 1
7076.5
 P 0, 1
7092.1
 P 0, 1
7107.7
 P 0, 1
7118.6
 P 0, 1
7162.4
 P 0, 1
7201.5
 P 0, 1
7234.9
 P 0, 1
7275.7
 P 0, 1
7290.1
 P 0, 1
7376.5
 P 0, 1
7412.3
 P 0, 1
7488.4
 P 0, 1
7534.4
 P 0, 1
7564
 P 0, 1
7599.4
 P 0, 1
7627.5
 P 0, 1
7644.8
 P 0, 1
7685.6
 P 0, 1
7727.1
 P 0, 1
7751
 P 0, 1
7807.2
 P 0, 1
7845.2
 P 0, 1
7883.7
 P 0, 1
7919.7
 P 0, 1
7939.2
 P 0, 1
8002.1
 P 0, 1
8052.4
 P 0, 1
8080
 P 0, 1
8138.1
 P 0, 1
8167.7
 P 0, 1
8188.8
 P 0, 1
8208.2
 P 0, 1
8259.3
 P 0, 1
8271.9
 P 0, 1
8337.7
 P 0, 1
8392.7
 P 0, 1
8446
 P 0, 1
8486.8
 P 0, 1
8503.5
 P 0, 1
8561.12
 P 0, 1
8578.6
 P 0, 1
8665
 P 0, 1
8707.64
 P 0, 1
8734.1
 P 0, 1
8758.4
 P 0, 1
8794.8
 P 0, 1
8808.5
 P 0, 1
8821.8
 P 0, 1
8874
 P 0, 1
8907
 P 0, 1
8925.1
 P 0, 1
8942.4
 P 0, 1
8960.1
 P 0, 1
9028.86
 P 0, 1
9091.9
 P 0, 1
9112.4
 P 0, 1
9133.8
 P 0, 1
9154.3
 P 0, 1
9183.4
 P 0, 1
9208.6
 P 0, 1
9221
 P 0, 1
9259.14
 P 0, 1
9270.3
 P 0, 1
9283.9
 P 0, 1
9325.2
 P 0, 1
9347.55
 P 0, 1
9377.87
 P 0, 1
9402.58
 P 0, 1
9425.3
 P 0, 1
9475.4
 P 0, 1
9489.7
 P 0, 1
10520.6
 - 4594.9, 0.4
 - 4455.9, 0.86
 - 4238.7, 1.3
 - 4214.56, 2.3
 - 4001.96, 4.2
 - 3718.14, 3.1
 - 3638.61, 6.7
 - 3587.2, 2.6
 - 3463.2, 0.26
 - 3312.53, 1.2
 - 3219.4, 0.25
 - 3042.19, 0.37
 - 2771.1, 0.55
 - 2700.39, 0.27
 - 2345.6, 0.06
 - 2095.01, 0.93
 - 1897.78, 0.07
 - 881.69, 0.33
 U 9489.7, 0.14
 U 9475.4, 0.3
 U 9425.3, 0.32
 U 9402.58, 0.58
 U 9377.87, 0.73
 U 9377.87, 0.11
 U 9347.55, 0.61
 U 9325.2, 0.3
 U 9325.2, 1.61
 U 9283.9, 0.25
 U 9270.3, 0.66
 U 9270.3, 0.39
 U 9259.14, 0.97
 U 9221, 0.55
 U 9208.6, 0.76
 U 9183.4, 0.13
 U 9154.3, 0.31
 U 9133.8, 0.34
 U 9133.8, 0.81
 U 9112.4, 0.47
 U 9091.9, 0.28
 U 9028.86, 1.71
 U 8960.1, 0.32
 U 8942.4, 0.51
 U 8925.1, 0.16
 U 8907, 0.38
 U 8874, 0.59
 U 8821.8, 0.31
 U 8808.5, 3.1
 U 8794.8, 0.38
 U 8758.4, 0.36
 U 8734.1, 0.35
 U 8707.64, 1.43
 U 8665, 0.43
 U 8578.6, 0.24
 U 8561.12, 1.42
 U 8503.5, 0.41
 U 8486.8, 0.44
 U 8486.8, 0.47
 U 8446, 0.29
 U 8392.7, 0.13
 U 8337.7, 0.34
 U 8271.9, 0.01
 U 8259.3, 0.39
 U 8208.2, 0.42
 U 8188.8, 0.45
 U 8188.8, 0.58
 U 8167.7, 0.51
 U 8167.7, 0.42
 U 8138.1, 0.5
 U 8138.1, 0.34
 U 8080, 0.35
 U 8052.4, 0.36
 U 8002.1, 1.02
 U 7939.2, 0.95
 U 7919.7, 0.53
 U 7883.7, 0.65
 U 7845.2, 2.12
 U 7845.2, 0.32
 U 7807.2, 0.64
 U 7751, 0.38
 U 7751, 0.19
 U 7727.1, 0.21
 U 7685.6, 0.96
 U 7644.8, 0.21
 U 7644.8, 0.55
 U 7627.5, 0.41
 U 7599.4, 0.7
 U 7564, 0.42
 U 7564, 0.2
 U 7534.4, 0.39
 U 7488.4, 0.45
 U 7412.3, 1.05
 U 7376.5, 0.67
 U 7290.1, 0.34
 U 7275.7, 0.39
 U 7234.9, 0.46
 U 7201.5, 0.44
 U 7162.4, 0.5
 U 7118.6, 0.26
 U 7107.7, 0.5
 U 7092.1, 0.29
 U 7076.5, 0.19
 U 7062.4, 0.5
 U 7017.2, 0.27
 U 6991.4, 3.51
 U 6970.2, 0.12
 U 6929.6, 0.1
 U 6909.9, 0.44
 U 6858, 0.22
 U 6785.3, 0.1
 U 6770.5, 0.09
 U 6732.1, 0.2
 U 6715.2, 0.39
 U 6625.5, 1.21
 U 6579.1, 0.53
 U 6558.4, 0.22
 U 6545.2, 0.49
 U 6529.5, 0.39
 U 6485.6, 0.16
 U 6428.1, 0.3
 U 6405.3, 0.61
 U 6282.9, 0.62
 U 6231.6, 0.57
 U 6215.5, 0.44
 U 6193.9, 0.41
 U 6166.1, 0.37
 U 6154.6, 0.44
 U 6126.5, 2.19
 U 6082.4, 0.62
 U 6059.7, 0.23
 U 6036.3, 0.67
 U 5972.8, 0.38
 U 5972.8, 0.67
 U 5937.8, 0.34
 U 5923.1, 0.46
 U 5863.7, 0.44
 U 5848, 0.32
 U 5833.3, 0.34
 U 5755.9, 0.49
 U 5740.6, 0.51
 U 5730.4, 0.47
 U 5667, 0.56
 U 5642.6, 0.33
 U 5627.7, 3
 U 5617.5, 0.41
 U 5596.1, 0.38
 U 5583.8, 0.62
 U 5567.2, 0.16
 U 5538, 0.81
 U 5505, 0.89
 U 5476.6, 1.74
 U 5476.6, 0.36
 U 5446.9, 0.23
 U 5425, 0.67
 U 5363.6, 0.77
 U 5348.3, 0.94
 U 5327.3, 0.27
 U 5327.3, 1.27
 U 5299.7, 0.7
 U 5287.4, 1.39
 U 5259.2, 0.86
 U 5241.4, 0.98
 U 5241.4, 0.69
 U 5215.1, 0.6
 U 5168.6, 0.77
 U 5168.6, 0.56
 U 5142.6, 0.28
 U 5123.1, 0.52
 U 5080.1, 0.85
 U 5040.4, 1.01
 U 5023.4, 0.22
