488.1
 - 0, 11
555.4
 - 0, 8
557
 - 0, 19
779.3
 - 555.4, 0.8
873.2
 - 557, 0.3
 - 0, 7.5
978.5
 - 557, 5.7
1027.1
 - 488.1, 3.1
 - 0, 7.5
1032.7
 - 978.5, 1.4
 - 0, 5.9
1092.4
 - 1032.7, 2.3
 - 978.5, 1.3
 - 555.4, 3.1
1105.9
 - 873.2, 0.2
 - 0, 4.7
1196.2
 - 1105.9, 0.2
 - 873.2, 0.5
 - 557, 2.9
1212.5
 P 0, 1
1235.7
 P 0, 1
1247.2
 - 555.4, 2.3
1305
 - 1105.9, 0.7
 - 779.3, 0.4
 - 557, 0.6
 - 488.1, 0.7
 - 0, 4.9
1309.5
 - 779.3, 0.7
1344.2
 P 0, 1
1372.8
 P 0, 1
1389.5
 - 1305, 1.2
 - 1105.9, 0.3
 - 1027.1, 1.4
 - 0, 2
1439
 - 873.2, 0.6
 - 557, 1.4
 - 0, 1
1470.6
 - 1305, 2
 - 557, 1.9
1501
 - 555.4, 0.8
1666.7
 - 1305, 1.4
 - 1027.1, 2.9
 - 488.1, 1
 - 0, 2
1708.3
 - 488.1, 1.1
1735.2
 P 0, 1
1819.7
 - 1305, 1.5
 - 1092.4, 1.2
1890
 - 0, 3.8
1916.2
 - 1819.7, 0.6
 - 1247.2, 0.8
1926.1
 P 0, 1
1953.1
 P 0, 1
2031.1
 P 0, 1
2049.7
 P 0, 1
2083.6
 P 0, 1
2100.6
 P 0, 1
2130.5
 - 1890, 1
 - 0, 0.7
2148.4
 - 0, 0.7
2179.7
 P 0, 1
2232.6
 P 0, 1
2265.9
 P 0, 1
2298.9
 U 2179.7, 0.7
2331.8
 P 0, 1
2352.7
 - 0, 0.3
2376.9
 P 0, 1
2403.4
 P 0, 1
2416.3
 P 0, 1
2462.2
 P 0, 1
2476.3
 - 0, 0.3
2508.2
 U 2331.8, 0.7
2569.9
 - 0, 0.4
2586.3
 - 0, 0.5
2598.1
 - 0, 0.2
2618.8
 P 0, 1
2671
 P 0, 1
2719
 P 0, 1
2765.5
 P 0, 1
2810.4
 P 0, 1
2827.9
 P 0, 1
2850.4
 P 0, 1
2890.1
 P 0, 1
2922.8
 P 0, 1
2953.7
 P 0, 1
2973
 P 0, 1
3013.5
 P 0, 1
3033.9
 P 0, 1
3133.5
 P 0, 1
3177.9
 P 0, 1
3226.3
 P 0, 1
3249.5
 P 0, 1
3266.7
 P 0, 1
3297.9
 P 0, 1
3341.6
 P 0, 1
3395.2
 P 0, 1
3428.9
 P 0, 1
3491.8
 P 0, 1
3521
 P 0, 1
3601.7
 P 0, 1
3621.5
 P 0, 1
3638.3
 P 0, 1
3665.7
 P 0, 1
3685
 P 0, 1
3775.7
 P 0, 1
3807
 P 0, 1
3866.8
 P 0, 1
3891.4
 P 0, 1
3915.5
 P 0, 1
3960.5
 P 0, 1
3995
 P 0, 1
4009.4
 P 0, 1
4030.1
 P 0, 1
4052.4
 P 0, 1
4064.6
 P 0, 1
4080.1
 P 0, 1
4099.7
 P 0, 1
4119
 P 0, 1
4135.7
 P 0, 1
4153.8
 P 0, 1
4200.3
 P 0, 1
4247.8
 P 0, 1
4265
 P 0, 1
4290.3
 P 0, 1
4332
 P 0, 1
4363.2
 P 0, 1
4402.4
 P 0, 1
4500.7
 P 0, 1
4623.7
 P 0, 1
4658.4
 P 0, 1
4671
 P 0, 1
4718.3
 P 0, 1
4773.7
 P 0, 1
4826.6
 P 0, 1
4842.9
 P 0, 1
4854.1
 P 0, 1
4888.3
 P 0, 1
4917.7
 P 0, 1
4943
 P 0, 1
4991.9
 P 0, 1
5006.8
 P 0, 1
5030.3
 P 0, 1
5048.9
 P 0, 1
5108.6
 P 0, 1
5165.4
 P 0, 1
5219.9
 P 0, 1
5237.3
 P 0, 1
5260
 P 0, 1
5296.5
 P 0, 1
5318.2
 P 0, 1
5340.3
 P 0, 1
5366.7
 P 0, 1
5405.3
 P 0, 1
5428.7
 P 0, 1
5452.8
 P 0, 1
5493.7
 P 0, 1
5520.8
 P 0, 1
5545
 P 0, 1
5583.5
 P 0, 1
5596.5
 P 0, 1
5673.4
 P 0, 1
5726.2
 P 0, 1
5773.6
 P 0, 1
5792.1
 P 0, 1
5854
 P 0, 1
5867
 P 0, 1
5891.8
 P 0, 1
5922.6
 P 0, 1
5942.8
 P 0, 1
5963
 P 0, 1
5989.2
 P 0, 1
6008.7
 P 0, 1
6035.4
 P 0, 1
6102.9
 P 0, 1
6119
 P 0, 1
6151
 P 0, 1
6264
 P 0, 1
6287
 P 0, 1
6304.5
 P 0, 1
6330.2
 P 0, 1
6347.9
 P 0, 1
6480.8
 P 0, 1
6569
 P 0, 1
6613.5
 P 0, 1
6644.1
 P 0, 1
6666.4
 P 0, 1
6678
 P 0, 1
6779.1
 P 0, 1
6794
 P 0, 1
6844.9
 P 0, 1
6869.2
 P 0, 1
6936.4
 P 0, 1
7019.3
 P 0, 1
7063.8
 P 0, 1
7075.5
 P 0, 1
7164.6
 P 0, 1
7246.8
 P 0, 1
7488.9
 P 0, 1
7511.5
 P 0, 1
8651
 U 2890.1, 0.97
 U 2850.4, 0.33
 U 2827.9, 0.03
 U 2810.4, 0.15
 U 2765.5, 0.4
 U 2719, 0.12
 U 2671, 0.72
 - 2598.1, 0.26
 - 2586.3, 0.84
 - 2569.9, 0.11
 U 2508.2, 0.18
 - 2476.3, 0.12
 U 2462.2, 0.68
 U 2403.4, 0.07
 - 2352.7, 0.09
 U 2331.8, 0.07
 U 2298.9, 0.38
 U 2265.9, 0.43
 U 2179.7, 0.67
 - 2148.4, 0.32
 - 2130.5, 1.17
 U 1953.1, 0.19
 U 1926.1, 0.17
 - 1916.2, 0.11
 - 1890, 0.17
 - 1819.7, 1.1
 - 1708.3, 0.2
 - 1470.6, 0.11
 - 1439, 0.3
 - 1389.5, 0.24
 - 1305, 1.1
 - 1196.2, 0.13
 - 1105.9, 0.24
 - 1027.1, 2.05
 - 978.5, 0.12
 - 873.2, 0.04
 - 557, 0.3
 - 488.1, 0.08
 - 0, 0.35
 U 7511.5, 0.46
 U 7488.9, 0.44
 U 7246.8, 2.4
 U 7164.6, 2.1
 U 7075.5, 1.8
 U 7063.8, 1.2
 U 7019.3, 1.8
 U 6936.4, 0.66
 U 6869.2, 1
 U 6844.9, 0.8
 U 6794, 0.9
 U 6779.1, 0.43
 U 6678, 0.45
 U 6666.4, 0.5
 U 6644.1, 0.6
 U 6613.5, 0.5
 U 6569, 0.3
 U 6480.8, 0.28
 U 6480.8, 1.9
 U 6347.9, 0.27
 U 6347.9, 0.3
 U 6330.2, 0.43
 U 6304.5, 0.28
 U 6287, 0.34
 U 6264, 0.36
 U 6151, 0.34
 U 6119, 0.27
 U 6102.9, 0.36
 U 6035.4, 0.15
 U 6008.7, 0.16
 U 5989.2, 0.16
 U 5963, 0.2
 U 5942.8, 0.39
 U 5922.6, 0.12
 U 5891.8, 0.13
 U 5867, 0.2
 U 5854, 0.12
 U 5792.1, 0.3
 U 5773.6, 0.44
 U 5726.2, 0.11
 U 5673.4, 0.22
 U 5596.5, 0.12
 U 5583.5, 0.21
 U 5545, 0.36
 U 5520.8, 0.18
 U 5520.8, 0.12
 U 5493.7, 0.2
 U 5452.8, 0.11
 U 5428.7, 0.37
 U 5405.3, 0.27
 U 5366.7, 0.2
 U 5340.3, 0.12
 U 5318.2, 0.09
 U 5296.5, 0.13
 U 5260, 0.24
 U 5237.3, 0.11
 U 5219.9, 0.15
 U 5165.4, 0.18
 U 5108.6, 0.21
 U 5048.9, 0.15
 U 5030.3, 0.16
 U 5006.8, 0.16
 U 4991.9, 0.2
 U 4943, 0.39
 U 4917.7, 0.12
 U 4888.3, 0.13
 U 4854.1, 0.2
 U 4842.9, 0.12
 U 4826.6, 0.3
 U 4773.7, 0.44
 U 4718.3, 0.11
 U 4671, 0.22
 U 4658.4, 0.12
 U 4623.7, 0.21
 U 4500.7, 0.36
 U 4402.4, 0.18
 U 4363.2, 0.12
 U 4332, 0.2
 U 4290.3, 0.11
 U 4265, 0.37
 U 4247.8, 0.27
 U 4200.3, 0.2
 U 4153.8, 0.12
 U 4135.7, 0.09
 U 4119, 0.13
 U 4099.7, 0.24
 U 4080.1, 0.11
 U 4064.6, 0.15
 U 4052.4, 0.16
 U 4030.1, 0.09
 U 4009.4, 0.09
 U 3995, 0.12
 U 3960.5, 0.15
 U 3915.5, 0.13
 U 3891.4, 0.11
 U 3866.8, 0.12
 U 3807, 0.12
 U 3775.7, 0.06
 U 3685, 0.07
 U 3665.7, 0.13
 U 3638.3, 0.06
 U 3621.5, 0.12
 U 3601.7, 0.15
 U 3521, 0.06
 U 3491.8, 0.18
 U 3428.9, 0.15
 U 3395.2, 0.06
 U 3341.6, 0.1
 U 3297.9, 0.06
 U 3266.7, 0.37
 U 3249.5, 0.3
 U 3226.3, 0.1
 U 3177.9, 0.31
 U 3133.5, 0.39
 U 3033.9, 0.06
 U 3013.5, 0.21
 U 2973, 0.12
 U 2953.7, 0.06
 U 2953.7, 0.09
 U 2922.8, 0.3
 U 2618.8, 0.06
 U 2416.3, 0.09
 U 2376.9, 0.13
 U 2232.6, 0.24
 U 2100.6, 0.13
 U 2083.6, 0.12
 U 2049.7, 0.11
 U 2031.1, 0.25
 U 1953.1, 0.09
 U 1735.2, 0.28
 - 1501, 0.11
 U 1372.8, 0.15
 U 1344.2, 0.22
 U 1235.7, 0.51
 U 1212.5, 0.09
