71.58
 P 0, 1
82.73
 P 0, 1
133.74
 P 0, 1
192.45
 P 0, 1
209.93
 P 0, 1
233.82
 P 0, 1
266.83
 P 0, 1
279.81
 P 0, 1
345.23
 P 0, 1
397.73
 P 0, 1
465.03
 P 0, 1
501.43
 P 0, 1
534.63
 P 0, 1
579.73
 P 0, 1
611.49
 P 0, 1
649.93
 P 0, 1
806.93
 P 0, 1
868.54
 P 0, 1
908.43
 P 0, 1
939.23
 P 0, 1
960.53
 P 0, 1
986.63
 P 0, 1
997.43
 P 0, 1
1020.63
 P 0, 1
1032.01
 - 0, 39
1071.99
 P 0, 1
1097.13
 P 0, 1
1153.47
 P 0, 1
1169.43
 P 0, 1
1200.66
 P 0, 1
1236.03
 P 0, 1
1253.23
 P 0, 1
1266.13
 P 0, 1
1307.87
 P 0, 1
1344.91
 P 0, 1
1364.15
 P 0, 1
1400.52
 P 0, 1
1444.03
 P 0, 1
1473.31
 - 0, 2.8
1533.13
 P 0, 1
1557.53
 P 0, 1
1612.43
 P 0, 1
1646.93
 P 0, 1
1683.13
 P 0, 1
1715.37
 P 0, 1
1736.25
 P 0, 1
1765.68
 P 0, 1
1790.03
 P 0, 1
1940.21
 - 0, 4.2
1995.23
 P 0, 1
2007.52
 - 1032.01, 0.1
 - 0, 5.5
2083.53
 P 0, 1
2108.07
 P 0, 1
2119.85
 P 0, 1
2154.43
 P 0, 1
2207.01
 P 0, 1
2217.43
 P 0, 1
2235.5
 P 0, 1
2247.54
 P 0, 1
2265.62
 P 0, 1
2280.25
 - 1032.01, 11
 - 0, 0.6
2298.53
 P 0, 1
2319.43
 P 0, 1
2358.73
 P 0, 1
2369.79
 P 0, 1
2405.23
 P 0, 1
2424.23
 P 0, 1
2451.62
 - 1032.01, 1.7
 - 0, 1.06
2518.33
 P 0, 1
2547.63
 P 0, 1
2570.14
 - 1032.01, 3.3
 - 0, 9.5
2619.93
 P 0, 1
2697.16
 P 0, 1
2728.13
 P 0, 1
2755.73
 P 0, 1
2770.64
 P 0, 1
2781.63
 P 0, 1
2855.33
 P 0, 1
2873.03
 P 0, 1
2923.69
 P 0, 1
2972.77
 P 0, 1
2987.33
 P 0, 1
3017.13
 P 0, 1
3066.33
 P 0, 1
3103.33
 P 0, 1
3141.1
 P 0, 1
3155.83
 P 0, 1
3166.25
 P 0, 1
3198.13
 P 0, 1
3217.14
 P 0, 1
3227.83
 - 2280.25, 0.6
 - 1032.01, 0.48
3258.91
 P 0, 1
3269.84
 P 0, 1
3353.17
 P 0, 1
3406.95
 P 0, 1
3433.06
 - 2280.25, 0.64
 - 2007.52, 0.56
 - 0, 0.93
3455.23
 P 0, 1
3508.62
 - 2280.25, 0.89
 - 1473.31, 0.12
 - 0, 2.65
3544.81
 P 0, 1
3614.43
 P 0, 1
3654.63
 P 0, 1
3665.14
 P 0, 1
3699.82
 - 2280.25, 0.4
 - 1032.01, 0.63
 - 0, 0.17
3743.83
 P 0, 1
3773.26
 P 0, 1
3784.93
 P 0, 1
3989.19
 P 0, 1
4059.97
 P 0, 1
4093.11
 P 0, 1
4103.64
 P 0, 1
4212.13
 P 0, 1
4225.53
 - 1940.21, 0.49
 - 0, 0.49
4255.39
 P 0, 1
4274.93
 P 0, 1
4315.73
 P 0, 1
4328.78
 - 2007.52, 0.45
 - 1032.01, 0.24
 - 0, 0.55
4335.59
 - 2280.25, 0.39
 - 1032.01, 2.28
 - 0, 0.91
4370.77
 P 0, 1
4445.16
 - 2280.25, 0.4
 - 2007.52, 0.34
 - 1032.01, 0.11
 - 0, 0.06
4511.37
 P 0, 1
4551.14
 P 0, 1
4659.87
 - 2280.25, 0.92
 - 2007.52, 0.49
 - 1032.01, 0.47
4745.93
 P 0, 1
4801.94
 P 0, 1
4843.49
 P 0, 1
4955.5
 - 2007.52, 1.16
 - 1473.31, 0.16
 - 1032.01, 0.34
5038.9
 P 0, 1
5189.46
 P 0, 1
5219.23
 P 0, 1
6358.73
 - 4955.5, 1.1
 - 4659.87, 1
 - 4445.16, 1.4
 - 4335.59, 4.8
 - 4328.78, 1.31
 - 4225.53, 2.31
 - 3699.82, 0.68
 - 3508.62, 3.2
 - 3433.06, 1.2
 - 3227.83, 1.06
 - 2570.14, 9.6
 - 2451.62, 1.18
 - 2280.25, 5.4
 - 2007.52, 0.66
 - 1940.21, 0.12
 - 1032.01, 5.4
 - 0, 4.28
 U 5219.23, 0.27
 U 5189.46, 3.5
 U 5038.9, 0.84
 U 5038.9, 2
 - 4955.5, 5.4
 U 4843.49, 1.2
 U 4801.94, 1.4
 U 4745.93, 0.39
 U 4551.14, 0.89
 U 4551.14, 3.7
 U 4511.37, 0.89
 U 4511.37, 1.3
 U 4370.77, 0.83
 U 4315.73, 0.41
 U 4274.93, 0.39
 U 4255.39, 0.62
 U 4255.39, 0.82
 U 4255.39, 1.32
 U 4212.13, 0.25
 U 4103.64, 0.52
 U 4103.64, 0.22
 U 4093.11, 0.46
 U 4059.97, 0.52
 U 3989.19, 0.8
 U 3784.93, 0.29
 U 3773.26, 0.46
 U 3743.83, 0.22
 U 3665.14, 0.35
 U 3654.63, 0.2
 U 3654.63, 0.87
 U 3614.43, 0.12
 U 3614.43, 0.5
 U 3544.81, 0.45
 U 3544.81, 0.41
 U 3455.23, 0.24
 - 3433.06, 0.97
 U 3406.95, 0.77
 U 3353.17, 0.33
 U 3269.84, 2.16
 U 3269.84, 1.5
 U 3258.91, 1.27
 U 3258.91, 0.1
 U 3217.14, 0.91
 U 3217.14, 0.11
 U 3198.13, 0.15
 U 3166.25, 0.36
 U 3155.83, 0.12
 U 3141.1, 1.41
 U 3141.1, 0.27
 U 3103.33, 0.16
 U 3103.33, 0.64
 U 3103.33, 1.11
 U 3066.33, 0.17
 U 3017.13, 0.17
 U 2987.33, 0.24
 U 2987.33, 0.22
 U 2972.77, 0.22
 U 2923.69, 1.57
 U 2873.03, 0.32
 U 2855.33, 0.16
 U 2781.63, 0.22
 U 2781.63, 0.36
 U 2781.63, 0.36
 U 2770.64, 0.53
 U 2755.73, 0.16
 U 2728.13, 0.16
 U 2697.16, 0.28
 U 2619.93, 0.21
 U 2547.63, 0.17
 U 2518.33, 0.21
 - 2451.62, 0.22
 U 2424.23, 0.1
 U 2405.23, 0.08
 U 2369.79, 0.68
 U 2358.73, 0.22
 U 2319.43, 0.16
 U 2298.53, 0.28
 U 2265.62, 0.35
 U 2247.54, 0.29
 U 2247.54, 0.38
 U 2247.54, 0.47
 U 2235.5, 0.55
 U 2235.5, 0.27
 U 2217.43, 0.2
 U 2207.01, 0.53
 U 2207.01, 0.36
 U 2154.43, 0.12
 U 2119.85, 0.33
 U 2119.85, 0.34
 U 2119.85, 0.4
 U 2108.07, 0.32
 U 2083.53, 0.16
 U 2083.53, 0.08
 U 1995.23, 0.12
 U 1790.03, 0.16
 U 1765.68, 0.22
 U 1736.25, 1.03
 U 1715.37, 0.33
 U 1683.13, 0.27
 U 1646.93, 0.25
 U 1646.93, 0.37
 U 1646.93, 0.37
 U 1612.43, 0.14
 U 1557.53, 0.72
 U 1557.53, 0.63
 U 1533.13, 0.1
 - 1473.31, 0.27
 - 1473.31, 0.21
 - 1473.31, 0.13
 U 1444.03, 0.09
 U 1400.52, 0.88
 U 1364.15, 0.96
 U 1344.91, 0.92
 U 1307.87, 0.7
 U 1266.13, 0.19
 U 1253.23, 0.2
 U 1253.23, 0.21
 U 1253.23, 0.27
 U 1236.03, 0.21
 U 1200.66, 0.85
 U 1169.43, 2.06
 U 1153.47, 0.81
 U 1097.13, 0.135
 U 1071.99, 0.26
 U 1071.99, 0.162
 U 1020.63, 0.109
 U 1020.63, 0.066
 U 997.43, 0.18
 U 986.63, 0.092
 U 986.63, 0.21
 U 960.53, 0.08
 U 939.23, 0.17
 U 908.43, 0.105
 U 868.54, 0.227
 U 806.93, 0.171
 U 649.93, 0.136
 U 611.49, 0.38
 U 579.73, 0.076
 U 534.63, 0.097
 U 501.43, 0.071
 U 465.03, 0.18
 U 465.03, 0.131
 U 397.73, 0.189
 U 345.23, 0.132
 U 279.81, 0.35
 U 266.83, 0.32
 U 233.82, 1.06
 U 233.82, 0.3
 U 209.93, 0.055
 U 192.45, 2.53
 U 133.74, 0.31
 U 82.73, 0.34
 U 82.73, 0.56
 U 71.58, 0.45
 U 71.58, 0.58
