934.48
 - 0, 79
1382.7
 - 934.48, 4.1712
1495.41
 - 934.48, 18.644
1847.26
 - 934.48, 7.742
 - 0, 4.029
2066.58
 - 1847.26, 0.04424
 - 1495.41, 0.03792
 - 934.48, 6.2726
2339.58
 - 2066.58, 0.0316
 - 1847.26, 1.9118
 - 1495.41, 5.609
 - 934.48, 18.012
 - 0, 0.0632
2398.31
 - 1495.41, 2.7413
 - 934.48, 0.7268
2473.64
 - 0, 0.5293
2485.95
 - 1495.41, 17.8461
2743.49
 - 2485.95, 0.5688
 - 2398.31, 0.0316
 - 2339.58, 0.4503
2819.53
 - 1847.26, 1.501
 - 1382.7, 0.0711
 - 934.48, 0.6162
2864.6
 - 2398.31, 0.0869
 - 1495.41, 1.0902
 - 934.48, 0.3713
2903.39
 - 2066.58, 0.2686
2909.4
 - 2339.58, 0.04424
 - 2066.58, 0.3713
 - 1495.41, 0.6873
 - 934.48, 1.1455
2957.2
 - 1495.41, 0.1343
3039.65
 - 2743.49, 0.0632
 - 2339.58, 0.3634
 - 1847.26, 0.06952
 - 934.48, 1.5247
3057.3
 - 2339.58, 0.2686
3124.56
 - 2066.58, 0.237
3178.26
 - 2398.31, 0.5925
 - 934.48, 0.158
3190.93
 - 1495.41, 0.6004
3237.21
 - 1495.41, 0.4819
3262.61
 - 934.48, 1.0981
3275.71
 - 2909.4, 0.0632
 - 2398.31, 0.2212
 - 2066.58, 0.7584
 - 934.48, 0.3397
3289.09
 - 2909.4, 0.3239
 - 2398.31, 0.0316
 - 1847.26, 0.06952
 - 1495.41, 0.1738
 - 934.48, 0.5925
3371.43
 - 2339.58, 0.05056
 - 1382.7, 1.817
 - 934.48, 0.8532
 - 0, 1.0902
3408.04
 - 2339.58, 0.3318
 - 934.48, 0.5293
3452.13
 - 2819.53, 0.05056
 - 2339.58, 0.1501
 - 1847.26, 0.5609
 - 1495.41, 0.4424
 - 1382.7, 0.1027
 - 934.48, 0.6557
3462.98
 - 1495.41, 0.4582
 - 934.48, 0.1106
3472.01
 - 1382.7, 0.1422
 - 934.48, 0.316
 - 0, 0.8611
3500.16
 - 3275.71, 0.01896
 - 2909.4, 0.05688
 - 2819.53, 0.05056
 - 2339.58, 0.158
 - 2066.58, 0.2686
 - 1847.26, 0.3634
 - 0, 0.5293
3628.28
 - 3039.65, 0.04424
 - 2819.53, 0.08216
 - 2743.49, 0.4977
 - 2398.31, 0.10112
 - 1495.41, 0.7347
 - 934.48, 2.844
3640.25
 - 3039.65, 0.0316
 - 2819.53, 0.03792
 - 2339.58, 0.0869
 - 934.48, 0.948
3649.17
 - 2485.95, 0.1027
 - 2398.31, 0.16432
 - 1847.26, 0.1264
 - 1495.41, 0.2923
 - 934.48, 0.2844
3830.26
 - 3452.13, 0.13904
 - 3039.65, 0.2765
 - 2339.58, 0.3397
 - 2066.58, 0.2133
 - 1382.7, 0.1264
4801.79
 P 0, 1
4985.87
 P 0, 1
5359.07
 P 0, 1
5456.61
 P 0, 1
5860.19
 P 0, 1
5872.69
 P 0, 1
5885.29
 P 0, 1
5902.29
 P 0, 1
5923.79
 P 0, 1
5935.19
 P 0, 1
5958.39
 P 0, 1
5980.09
 P 0, 1
5999.89
 P 0, 1
6013.09
 P 0, 1
6028.89
 P 0, 1
6045.19
 P 0, 1
6057.89
 P 0, 1
6072.19
 P 0, 1
6092.69
 P 0, 1
6125.29
 P 0, 1
6146.39
 P 0, 1
6172.79
 P 0, 1
6192.29
 P 0, 1
6218.89
 P 0, 1
6243.69
 P 0, 1
6256.69
 P 0, 1
6283.79
 P 0, 1
6301.79
 P 0, 1
6330.09
 P 0, 1
6344.39
 P 0, 1
6358.19
 P 0, 1
6379.39
 P 0, 1
6458.69
 P 0, 1
6471.09
 P 0, 1
6485.29
 P 0, 1
6511.89
 P 0, 1
6542.49
 P 0, 1
6583.99
 P 0, 1
6600.09
 P 0, 1
6648.39
 P 0, 1
6675.19
 P 0, 1
6692.59
 P 0, 1
6708.29
 P 0, 1
6767.52
 P 0, 1
6803.79
 P 0, 1
6823.79
 P 0, 1
6850.09
 P 0, 1
6881.29
 P 0, 1
6911.19
 P 0, 1
6926.25
 P 0, 1
6949.19
 P 0, 1
6991.24
 P 0, 1
7012.49
 P 0, 1
7036.09
 P 0, 1
7046.79
 P 0, 1
7080.39
 P 0, 1
7102.82
 P 0, 1
7115.69
 P 0, 1
7136.09
 P 0, 1
7149.86
 P 0, 1
7162.9
 P 0, 1
7173.2
 P 0, 1
7237.09
 P 0, 1
7250.48
 P 0, 1
7276.3
 P 0, 1
7294.06
 P 0, 1
7307.39
 P 0, 1
7397.3
 P 0, 1
7436.3
 P 0, 1
7451.99
 P 0, 1
7469.94
 P 0, 1
7531.4
 P 0, 1
7557.19
 P 0, 1
7573.08
 P 0, 1
7599.42
 P 0, 1
7616.18
 P 0, 1
8634.79
 - 3649.17, 0.4661
 - 3640.25, 1.1297
 - 3628.28, 1.9908
 - 3500.16, 0.6004
 - 3472.01, 0.6004
 - 3452.13, 1.185
 - 3371.43, 3.634
 - 3262.61, 1.027
 - 3039.65, 0.2686
 - 2819.53, 0.1975
 - 2398.31, 0.1975
 - 2339.58, 16.827
 - 1382.7, 0.0632
 - 0, 0.8611
 U 7616.18, 0.05688
 U 7599.42, 0.05688
 U 7599.42, 0.0316
 U 7573.08, 0.11376
 U 7573.08, 0.08216
 U 7573.08, 0.4108
 U 7557.19, 0.03792
 U 7531.4, 0.3081
 U 7469.94, 0.3397
 U 7451.99, 0.0632
 U 7451.99, 0.14536
 U 7436.3, 0.0948
 U 7397.3, 0.08216
 U 7307.39, 0.04424
 U 7294.06, 0.07584
 U 7276.3, 0.13272
 U 7276.3, 0.13904
 U 7250.48, 0.3397
 U 7250.48, 0.1659
 U 7237.09, 0.1106
 U 7237.09, 0.1027
 U 7173.2, 0.2686
 U 7173.2, 0.2212
 U 7162.9, 0.12008
 U 7162.9, 0.0869
 U 7149.86, 0.1264
 U 7136.09, 0.10112
 U 7136.09, 0.3081
 U 7115.69, 0.0474
 U 7102.82, 0.1185
 U 7080.39, 0.0474
 U 7046.79, 0.05688
 U 7036.09, 0.08216
 U 7012.49, 0.05688
 U 6991.24, 0.1264
 U 6949.19, 0.1185
 U 6949.19, 0.6478
 U 6926.25, 0.2054
 U 6911.19, 0.1027
 U 6881.29, 0.0948
 U 6850.09, 0.1106
 U 6823.79, 0.1185
 U 6803.79, 0.1106
 U 6767.52, 0.2844
 U 6708.29, 0.1106
 U 6692.59, 0.1738
 U 6692.59, 0.5293
 U 6675.19, 0.3002
 U 6648.39, 0.3318
 U 6600.09, 0.1422
 U 6583.99, 0.1264
 U 6542.49, 0.1975
 U 6511.89, 0.1738
 U 6485.29, 0.1106
 U 6471.09, 0.1422
 U 6458.69, 0.1817
 U 6379.39, 0.1027
 U 6379.39, 0.0711
 U 6358.19, 0.079
 U 6344.39, 0.158
 U 6344.39, 0.3318
 U 6330.09, 0.3634
 U 6330.09, 0.0869
 U 6301.79, 0.2607
 U 6283.79, 0.1343
 U 6283.79, 0.079
 U 6256.69, 0.0711
 U 6243.69, 0.0948
 U 6218.89, 0.1185
 U 6218.89, 0.1659
 U 6192.29, 0.10744
 U 6172.79, 0.12008
 U 6146.39, 0.079
 U 6146.39, 0.079
 U 6125.29, 0.2607
 U 6092.69, 0.1264
 U 6072.19, 0.2449
 U 6057.89, 0.0948
 U 6057.89, 0.1896
 U 6045.19, 0.158
 U 6028.89, 0.1185
 U 6028.89, 0.4266
 U 6013.09, 0.0869
 U 5999.89, 0.4029
 U 5999.89, 0.1422
 U 5980.09, 0.1185
 U 5958.39, 0.2291
 U 5935.19, 0.1422
 U 5923.79, 0.2528
 U 5902.29, 0.1106
 U 5902.29, 0.2686
 U 5885.29, 0.1027
 U 5872.69, 0.1817
 U 5860.19, 0.1106
 U 4801.79, 1.106
