567
 P 0, 1
808.4
 P 0, 1
839.8
 P 0, 1
1168.3
 P 0, 1
1204.8
 - 0, 61.92
1301.3
 P 0, 1
1352.9
 P 0, 1
1412.9
 P 0, 1
1466.4
 - 0, 53.44
1523.2
 P 0, 1
1693.4
 P 0, 1
1720.4
 P 0, 1
1758.4
 P 0, 1
1785.9
 P 0, 1
1834.4
 P 0, 1
1881.8
 - 0, 6.72
2042
 - 0, 27.52
2137.8
 P 0, 1
2267.3
 P 0, 1
2305.4
 P 0, 1
2366.3
 P 0, 1
2558.3
 - 0, 13.28
2577.9
 - 0, 15.68
2622.6
 P 0, 1
2640.5
 - 0, 8.48
2694.4
 - 0, 5.6
2774.9
 - 0, 4.48
2871.6
 - 0, 4.8
3083.7
 - 0, 8.48
3097.7
 P 0, 1
3217.74
 P 0, 1
3234.7
 P 0, 1
3288.5
 P 0, 1
3476.7
 - 0, 13.28
3984.3
 - 0, 4.48
4025.6
 P 0, 1
4162.5
 - 0, 3.52
4180
 - 1466.4, 14.88
 - 0, 2.24
4298.23
 P 0, 1
4319.9
 - 0, 4
4532.7
 P 0, 1
4661.9
 P 0, 1
5761.9
 P 0, 1
5787.9
 P 0, 1
6041.9
 P 0, 1
7194.9
 U 4532.7, 4.48
 - 4319.9, 6.88
 - 4180, 19.84
 - 4162.5, 5.6
 U 4025.6, 2.08
 - 3984.3, 6.88
 - 3476.7, 9.76
 U 3288.5, 2.08
 U 3234.7, 5.6
 - 3083.7, 2.24
 - 2871.6, 6.88
 - 2640.5, 3.04
 - 2577.9, 8.48
 - 2558.3, 4.48
 U 2366.3, 3.84
 - 2042, 3.68
 - 1204.8, 2.56
 - 0, 0.48
 U 4298.23, 2.08
 U 3288.5, 1.6
 U 3217.74, 3.52
 U 3097.7, 2.08
 U 2622.6, 0.64
 U 2305.4, 1.28
 U 2267.3, 1.28
 U 2137.8, 1.28
 - 1881.8, 1.6
 - 1881.8, 4.48
 U 1834.4, 4.48
 U 1785.9, 1.28
 U 1758.4, 1.6
 U 1720.4, 2.24
 U 1693.4, 1.44
 U 1523.2, 1.28
 U 1412.9, 0.8
 U 1352.9, 1.28
 U 1301.3, 1.28
 U 1168.3, 1.6
 U 839.8, 2.72
 U 808.4, 0.8
 U 567, 1.76
