481
 - 0, 21
658.3
 - 0, 0.9
679.6
 - 0, 5.1
720.6
 - 481, 1.5
 - 0, 11
778
 P 0, 1
888.3
 - 481, 3.2
 - 0, 0.35
1024
 - 0, 0.5
1091.9
 - 0, 2.1
1118
 - 0, 0.36
1141.1
 P 0, 1
1268.5
 - 0, 0.33
1284.8
 - 0, 0.9
1516
 - 0, 0.35
1544
 P 0, 1
1567
 P 0, 1
1758.1
 P 0, 1
2031
 P 0, 1
2063.1
 P 0, 1
2163.3
 P 0, 1
2278.3
 - 0, 0.4
2347.4
 P 0, 1
2498
 P 0, 1
2512.9
 - 0, 0.52
2564.2
 P 0, 1
2578.7
 - 0, 0.36
2642.4
 - 1024, 0.4
2793.3
 P 0, 1
3008.1
 P 0, 1
4622.7
 P 0, 1
4668.7
 P 0, 1
5555.9
 P 0, 1
5812.6
 P 0, 1
6821.1
 U 3008.1, 0.72
 U 2793.3, 0.8
 - 2642.4, 0.35
 - 2578.7, 0.33
 U 2564.2, 0.24
 - 2512.9, 0.33
 U 2498, 0.16
 U 2347.4, 0.12
 - 2278.3, 1.5
 U 2163.3, 0.27
 U 1758.1, 0.4
 - 1516, 0.51
 - 720.6, 0.32
 - 679.6, 0.3
 U 5812.6, 0.65
 U 5555.9, 1.2
 U 4668.7, 0.44
 U 4622.7, 0.33
