97.66
 - 0, 35
 E 0, 46.095
237.5
 - 97.66, 10
 E 97.66, 1
351.4
 - 97.66, 11
 E 97.66, 0.352
 - 0, 16
525.54
 - 351.4, 6
 E 351.4, 0.576
 - 97.66, 2.3
 - 0, 4.4
548.67
 - 351.4, 0.7
 E 351.4, 0.0504
 - 97.66, 5.5
 - 0, 0.8
615.5
 - 351.4, 5.2
 E 351.4, 0.1456
 - 237.5, 1.4
 E 237.5, 0.015554
631.85
 - 97.66, 3.8
 - 0, 6.7
753.6
 - 97.66, 2.1
907
 P 0, 1
1026
 - 753.6, 0.4
 - 351.4, 2.5
 - 97.66, 2.3
1198.5
 - 97.66, 5
1466.5
 P 0, 1
1931.6
 P 0, 1
2594.5
 P 0, 1
5925.44
 U 2594.5, 1.6
 U 1931.6, 2.8
 U 1466.5, 1.4
 - 1026, 1.8
 U 907, 1.7
 - 351.4, 2.3
 - 0, 2.5
