778.27
 - 0, 62
1147.93
 - 778.27, 0.98
1497.81
 - 778.27, 8.9
 E 778.27, 0.01513
 - 0, 3.76
1625.94
 - 778.27, 10.6
 E 778.27, 0.012296
 - 0, 0.97
1628.15
 - 778.27, 13.3
1869.56
 - 1628.15, 0.55
 - 1497.81, 0.3
 - 778.27, 6.27
 E 778.27, 0.0035739
1978.25
 - 1628.15, 0.18
 - 1625.94, 0.19
 - 1497.81, 0.87
 - 778.27, 3.44
 E 778.27, 0.0016512
2095.58
 - 1147.93, 0.09
 - 778.27, 2.79
2219.34
 - 1978.25, 0.55
 - 1869.56, 0.61
 - 1628.15, 0.78
 - 1625.94, 0.37
 - 1497.81, 0.77
 - 778.27, 0.43
2234.58
 - 1869.56, 0.34
 - 1625.94, 3.6
 E 1625.94, 0.00342
 - 1497.81, 3.5
 - 778.27, 0.33
2367.15
 P 0, 1
2394.35
 P 0, 1
2410.25
 P 0, 1
2426.23
 - 1625.94, 0.33
 - 1497.81, 0.06
 - 778.27, 0.56
2438.35
 - 2219.34, 0.05
 - 1978.25, 0.37
 - 1869.56, 0.76
 - 1628.15, 0.23
2440.61
 - 1628.15, 0.66
2481.04
 - 1869.56, 0.3
 - 1628.15, 1.18
 - 1497.81, 0.17
 - 778.27, 0.55
2500.9
 - 1497.81, 0.05
 - 1147.93, 0.17
2540.44
 - 1625.94, 0.11
 - 1497.81, 0.23
 - 778.27, 0.56
2577.65
 P 0, 1
2594.19
 - 1978.25, 0.25
 - 1628.15, 0.29
 - 1625.94, 0.99
 - 1497.81, 0.25
 - 778.27, 0.19
2624.54
 - 2219.34, 0.04
 - 778.27, 0.66
2647.05
 P 0, 1
2700.01
 - 2540.44, 0.05
 - 1625.94, 0.16
 - 1497.81, 0.72
2734.52
 - 2440.61, 0.015
 - 1869.56, 0.5
 - 1628.15, 0.92
 - 1625.94, 0.12
2754.46
 - 1628.15, 0.17
2786.85
 - 2594.19, 0.02
 - 778.27, 0.53
2790.28
 - 2234.58, 0.1
 - 1625.94, 0.48
 - 778.27, 0.57
2806.25
 P 0, 1
2818.43
 - 1628.15, 0.75
 - 1497.81, 0.09
2950.95
 P 0, 1
2961.35
 P 0, 1
2975.16
 - 2540.44, 0.08
 - 2234.58, 0.29
 - 2219.34, 0.32
 - 1978.25, 0.29
 - 1628.15, 0.34
2986.91
 - 2095.58, 0.09
 - 1625.94, 0.12
 - 778.27, 0.16
3024.61
 - 1978.25, 0.16
 - 1869.56, 0.19
 - 1628.15, 0.43
 - 1625.94, 0.33
3053.15
 - 2754.46, 0.02
 - 2426.23, 0.06
 - 1628.15, 0.35
3087.31
 - 2095.58, 0.09
 - 1978.25, 0.12
 - 1628.15, 0.37
 - 1625.94, 0.24
3133.75
 - 2540.44, 0.37
 - 2219.34, 0.11
 - 1625.94, 0.3
3155.85
 P 0, 1
3166.65
 P 0, 1
3178.4
 - 2754.46, 0.025
 - 778.27, 0.52
3186.77
 - 2481.04, 0.09
 - 2440.61, 0.06
3202.78
 - 2734.52, 0.12
 - 2234.58, 0.99
3224.25
 P 0, 1
3239.55
 P 0, 1
3253.35
 P 0, 1
3283.94
 - 2234.58, 0.06
 - 1625.94, 0.31
 - 778.27, 0.28
3299.65
 P 0, 1
3312.05
 P 0, 1
3334.95
 - 2594.19, 0.29
 - 1625.94, 0.22
3362.75
 P 0, 1
3374.05
 P 0, 1
3393.25
 P 0, 1
3416.66
 - 3186.77, 0.02
 - 3133.75, 0.025
 - 2440.61, 0.05
 - 2095.58, 0.09
 - 1497.81, 0.2
3427.15
 P 0, 1
3441.61
 - 2481.04, 0.12
 - 1978.25, 0.24
 - 1625.94, 0.19
 - 778.27, 1.24
3460.25
 P 0, 1
3471.45
 P 0, 1
3482.85
 P 0, 1
3493.65
 P 0, 1
3504.05
 P 0, 1
3540.35
 P 0, 1
3551.6
 - 1628.15, 0.68
3588.05
 P 0, 1
3609.75
 P 0, 1
3623.05
 P 0, 1
3637.05
 P 0, 1
3668.45
 P 0, 1
3679.35
 P 0, 1
3695.05
 P 0, 1
3706.85
 P 0, 1
3735.35
 P 0, 1
3749.35
 P 0, 1
3764.55
 P 0, 1
3777.05
 P 0, 1
3806.55
 P 0, 1
3821.85
 P 0, 1
3836.75
 P 0, 1
3874.65
 P 0, 1
3893.35
 P 0, 1
3906.95
 P 0, 1
3926.95
 P 0, 1
3938.45
 P 0, 1
3951.75
 P 0, 1
3966.85
 P 0, 1
3981.25
 P 0, 1
3993.25
 P 0, 1
4006.15
 P 0, 1
4020.95
 P 0, 1
4036.05
 P 0, 1
4049.75
 P 0, 1
4064.55
 P 0, 1
4081.95
 P 0, 1
4096.95
 P 0, 1
4115.25
 P 0, 1
4126.75
 P 0, 1
4139.95
 P 0, 1
4154.25
 P 0, 1
4168.75
 P 0, 1
4179.65
 P 0, 1
4202.15
 P 0, 1
4220.55
 P 0, 1
4234.25
 P 0, 1
4246.75
 P 0, 1
4267.85
 P 0, 1
4279.25
 P 0, 1
6514.45
 P 0, 1
6568.75
 P 0, 1
6651.95
 P 0, 1
6665.75
 P 0, 1
6776.85
 P 0, 1
7002.45
 P 0, 1
7021.75
 P 0, 1
7042.05
 P 0, 1
7087.35
 P 0, 1
7196.95
 P 0, 1
7276.95
 P 0, 1
7298.05
 P 0, 1
7327.35
 P 0, 1
7360.25
 P 0, 1
7546.65
 P 0, 1
7561.25
 P 0, 1
7626.15
 P 0, 1
7719.45
 P 0, 1
7749.85
 P 0, 1
7768.15
 P 0, 1
7853.15
 P 0, 1
7916.05
 P 0, 1
8015.65
 P 0, 1
8101.45
 P 0, 1
8140.95
 P 0, 1
9154.15
 - 3551.6, 0.93
 - 3441.61, 1.82
 - 3416.66, 0.47
 - 3334.95, 0.31
 - 3283.94, 0.13
 - 3202.78, 0.62
 - 3186.77, 0.033
 - 3178.4, 0.061
 - 3133.75, 0.2
 - 3087.31, 0.17
 - 3053.15, 0.033
 - 3024.61, 0.65
 - 2986.91, 0.041
 - 2975.16, 0.1
 - 2818.43, 0.038
 - 2790.28, 0.8
 - 2786.85, 0.075
 - 2734.52, 0.024
 - 2700.01, 0.2
 - 2624.54, 0.09
 - 2594.19, 0.14
 - 2540.44, 0.11
 - 2481.04, 0.49
 - 2438.35, 0.045
 - 2426.23, 0.078
 - 2234.58, 4.2
 - 2219.34, 0.046
 - 2095.58, 0.021
 - 1978.25, 0.026
 - 1625.94, 0.94
 - 1497.81, 0.13
 - 778.27, 0.78
 U 8140.95, 0.09
 U 8101.45, 0.17
 U 8015.65, 0.06
 U 7916.05, 0.42
 U 7916.05, 0.14
 U 7853.15, 0.09
 U 7853.15, 0.11
 U 7768.15, 0.31
 U 7749.85, 0.1
 U 7719.45, 0.06
 U 7626.15, 0.3
 U 7561.25, 0.19
 U 7546.65, 0.17
 U 7546.65, 0.34
 U 7360.25, 0.16
 U 7327.35, 0.17
 U 7298.05, 0.2
 U 7276.95, 0.25
 U 7196.95, 0.44
 U 7087.35, 0.18
 U 7042.05, 0.41
 U 7021.75, 0.12
 U 7002.45, 0.23
 U 6776.85, 0.32
 U 6665.75, 0.09
 U 6651.95, 0.19
 U 6568.75, 0.26
 U 6514.45, 0.22
 U 4279.25, 0.11
 U 4279.25, 0.19
 U 4267.85, 0.13
 U 4267.85, 0.016
 U 4246.75, 0.13
 U 4246.75, 0.095
 U 4234.25, 0.067
 U 4234.25, 0.5
 U 4220.55, 0.69
 U 4220.55, 0.22
 U 4202.15, 0.088
 U 4202.15, 0.26
 U 4179.65, 0.076
 U 4168.75, 0.063
 U 4168.75, 0.19
 U 4154.25, 0.15
 U 4154.25, 0.044
 U 4154.25, 0.17
 U 4139.95, 0.026
 U 4139.95, 0.058
 U 4126.75, 0.055
 U 4115.25, 0.025
 U 4115.25, 0.26
 U 4096.95, 0.039
 U 4096.95, 0.14
 U 4081.95, 0.081
 U 4081.95, 0.076
 U 4064.55, 0.02
 U 4064.55, 0.06
 U 4049.75, 0.05
 U 4049.75, 0.14
 U 4036.05, 0.17
 U 4036.05, 0.045
 U 4036.05, 0.21
 U 4020.95, 0.037
 U 4020.95, 0.15
 U 4006.15, 0.01
 U 3993.25, 0.048
 U 3981.25, 0.064
 U 3981.25, 0.11
 U 3966.85, 0.018
 U 3966.85, 0.092
 U 3966.85, 0.029
 U 3951.75, 0.015
 U 3938.45, 0.18
 U 3938.45, 0.12
 U 3926.95, 0.021
 U 3906.95, 0.61
 U 3906.95, 0.055
 U 3893.35, 0.034
 U 3893.35, 0.042
 U 3874.65, 0.017
 U 3874.65, 0.25
 U 3836.75, 0.097
 U 3836.75, 0.066
 U 3821.85, 0.077
 U 3806.55, 0.054
 U 3777.05, 0.035
 U 3764.55, 0.11
 U 3764.55, 0.092
 U 3749.35, 0.25
 U 3735.35, 0.055
 U 3735.35, 0.017
 U 3735.35, 0.1
 U 3706.85, 0.042
 U 3695.05, 0.15
 U 3695.05, 0.038
 U 3695.05, 0.029
 U 3679.35, 0.091
 U 3668.45, 0.092
 U 3637.05, 0.025
 U 3637.05, 0.031
 U 3623.05, 0.49
 U 3609.75, 0.53
 U 3588.05, 0.1
 U 3540.35, 0.16
 U 3504.05, 0.24
 U 3493.65, 0.018
 U 3482.85, 0.05
 U 3471.45, 0.05
 U 3471.45, 0.05
 U 3460.25, 0.11
 - 3441.61, 0.05
 - 3441.61, 0.066
 U 3427.15, 0.038
 U 3393.25, 0.025
 U 3374.05, 0.033
 U 3362.75, 0.03
 - 3334.95, 0.046
 U 3312.05, 0.018
 U 3299.65, 0.037
 U 3299.65, 0.021
 - 3283.94, 0.047
 U 3253.35, 0.027
 U 3253.35, 0.01
 U 3239.55, 0.023
 U 3239.55, 0.035
 U 3224.25, 0.01
 U 3166.65, 0.011
 U 3155.85, 0.019
 U 2961.35, 0.02
 U 2961.35, 0.011
 U 2950.95, 0.018
 U 2806.25, 0.02
 - 2754.46, 0.014
 - 2700.01, 0.021
 U 2647.05, 0.013
 U 2577.65, 0.013
 U 2577.65, 0.01
 - 2440.61, 0.016
 U 2410.25, 0.012
 U 2394.35, 0.012
 U 2394.35, 0.014
 U 2367.15, 0.012
