787.43
 - 0, 62
1432.31
 - 787.43, 5.8
 - 0, 4.9
1510.04
 - 787.43, 19
1758.51
 - 1432.31, 0.3
 - 787.43, 2.9
 - 0, 0.26
1880.91
 - 1432.31, 0.07
 - 787.43, 0.82
1902.46
 P 0, 1
2017.52
 - 1758.51, 2.77
 - 1510.04, 0.4
 - 787.43, 9.8
 - 0, 1.88
2104.88
 - 1510.04, 0.39
 - 1432.31, 1.57
 - 787.43, 1.9
2127.66
 P 0, 1
2190.86
 P 0, 1
2206.52
 - 787.43, 1.57
2223.9
 - 1510.04, 1.6
 - 1432.31, 1.24
 - 787.43, 0.46
2249.96
 P 0, 1
2261.76
 P 0, 1
2304.06
 P 0, 1
2333.4
 - 1758.51, 0.17
 - 1510.04, 1.09
 - 1432.31, 0.43
 - 787.43, 2.4
2343.7
 - 1510.04, 0.82
2372.16
 P 0, 1
2417.8
 - 1432.31, 0.25
 - 787.43, 0.25
2419.49
 - 2104.88, 0.03
 - 2017.52, 0.09
 - 1758.51, 0.2
 - 1510.04, 1.07
 - 1432.31, 0.21
 - 787.43, 0.61
2456.06
 P 0, 1
2468.36
 P 0, 1
2485.35
 - 2333.4, 0.05
 - 2104.88, 0.15
 - 1510.04, 0.3
 - 1432.31, 0.37
 - 787.43, 0.5
2506.3
 - 2333.4, 0.42
 - 1510.04, 0.49
2526.56
 P 0, 1
2540.36
 P 0, 1
2562.28
 - 2017.52, 0.18
 - 1758.51, 0.11
 - 787.43, 1.4
2572.79
 - 2333.4, 0.11
 - 2017.52, 0.41
 - 1758.51, 0.43
 - 1432.31, 0.22
 - 787.43, 0.69
2620.28
 - 1432.31, 0.27
 - 787.43, 0.55
2620.85
 - 2017.52, 0.59
 - 1510.04, 0.94
2700.42
 - 2206.52, 0.04
 - 787.43, 0.5
2749.36
 P 0, 1
2767.72
 - 2333.4, 0.16
 - 787.43, 0.64
2795.54
 - 1510.04, 1.36
2825.36
 P 0, 1
2848.06
 P 0, 1
2863.76
 P 0, 1
2916.76
 P 0, 1
2945.56
 P 0, 1
2962.27
 - 2017.52, 0.4
 - 1510.04, 0.34
2976.99
 - 2419.49, 0.16
 - 1510.04, 0.36
2989.76
 P 0, 1
3022.1
 - 1510.04, 0.32
3045.91
 - 1758.51, 0.48
 - 787.43, 0.21
3051.5
 - 1510.04, 0.33
3067.25
 - 2620.28, 0.29
3090.86
 P 0, 1
3103.17
 - 2767.72, 0.07
3108.75
 - 2017.52, 0.68
 - 1510.04, 0.16
3121.96
 P 0, 1
3144.66
 P 0, 1
3155.49
 - 2700.42, 0.06
 - 2343.7, 0.17
 - 2104.88, 0.12
3166.16
 P 0, 1
3195.5
 - 2795.54, 0.2
 - 2017.52, 0.23
3210.75
 - 2343.7, 0.11
 - 2017.52, 0.35
3211.9
 - 1510.04, 0.48
3237.26
 P 0, 1
3257.36
 P 0, 1
3271.66
 P 0, 1
3285.76
 P 0, 1
3308.86
 P 0, 1
3326.46
 P 0, 1
3340.56
 P 0, 1
3358.86
 P 0, 1
3380.26
 P 0, 1
3394.06
 P 0, 1
3410.86
 P 0, 1
3429.76
 P 0, 1
3455.2
 - 1510.04, 0.37
3476.76
 P 0, 1
3496.36
 P 0, 1
3517.06
 P 0, 1
3533.96
 P 0, 1
3547.8
 - 2223.9, 0.21
3562.26
 P 0, 1
3598.3
 - 2343.7, 0.19
3610.66
 P 0, 1
3624.96
 P 0, 1
3640.06
 P 0, 1
3661.06
 P 0, 1
3685.36
 P 0, 1
3715.26
 P 0, 1
3725.76
 P 0, 1
3737.9
 - 2343.7, 0.44
6362.06
 P 0, 1
6466.56
 P 0, 1
6560.26
 P 0, 1
6773.16
 P 0, 1
6794.66
 P 0, 1
6903.26
 P 0, 1
6952.06
 P 0, 1
6999.36
 P 0, 1
7030.06
 P 0, 1
7087.16
 P 0, 1
7134.56
 P 0, 1
7169.66
 P 0, 1
7194.96
 P 0, 1
7236.26
 P 0, 1
7254.56
 P 0, 1
7282.86
 P 0, 1
7294.16
 P 0, 1
7382.76
 P 0, 1
7401.36
 P 0, 1
7486.76
 P 0, 1
7580.36
 P 0, 1
7625.46
 P 0, 1
8642.56
 - 3210.75, 0.25
 - 3195.5, 0.24
 - 3155.49, 0.1
 - 3108.75, 0.33
 - 3103.17, 0.2
 - 3051.5, 0.055
 - 3045.91, 0.15
 - 2976.99, 0.1
 - 2962.27, 0.99
 - 2767.72, 1.25
 - 2700.42, 0.42
 - 2620.85, 0.08
 - 2572.79, 0.39
 - 2562.28, 0.17
 - 2485.35, 0.04
 - 2419.49, 0.58
 - 2333.4, 0.055
 - 2223.9, 0.045
 - 2206.52, 0.36
 - 2104.88, 0.19
 - 2017.52, 10.5
 - 1880.91, 0.055
 - 1758.51, 0.23
 - 1510.04, 0.16
 - 1432.31, 0.1
 - 787.43, 0.1
 U 7625.46, 0.19
 U 7580.36, 0.2
 U 7580.36, 0.36
 U 7486.76, 0.12
 U 7401.36, 0.14
 U 7401.36, 0.26
 U 7382.76, 0.17
 U 7294.16, 0.15
 U 7282.86, 0.19
 U 7254.56, 0.27
 U 7236.26, 0.11
 U 7194.96, 0.13
 U 7169.66, 0.18
 U 7134.56, 0.19
 U 7087.16, 0.16
 U 7030.06, 0.28
 U 6999.36, 0.14
 U 6952.06, 0.2
 U 6903.26, 0.32
 U 6903.26, 0.23
 U 6794.66, 0.31
 U 6773.16, 0.37
 U 6560.26, 0.66
 U 6466.56, 0.4
 U 6362.06, 0.26
 U 3725.76, 0.1
 U 3715.26, 0.05
 U 3715.26, 0.2
 U 3685.36, 0.07
 U 3661.06, 0.44
 U 3661.06, 0.06
 U 3640.06, 0.13
 U 3624.96, 0.05
 U 3610.66, 0.2
 - 3598.3, 0.05
 U 3562.26, 0.18
 - 3547.8, 0.2
 U 3533.96, 0.085
 U 3517.06, 0.34
 U 3517.06, 0.02
 U 3496.36, 0.03
 U 3476.76, 0.04
 U 3476.76, 0.23
 U 3429.76, 0.11
 U 3429.76, 0.11
 U 3410.86, 0.045
 U 3394.06, 0.06
 U 3394.06, 0.43
 U 3380.26, 0.055
 U 3358.86, 0.035
 U 3340.56, 0.2
 U 3326.46, 0.14
 U 3308.86, 0.035
 U 3285.76, 0.07
 U 3271.66, 0.11
 U 3257.36, 0.065
 U 3237.26, 0.1
 U 3237.26, 0.03
 - 3211.9, 0.045
 U 3166.16, 0.075
 - 3155.49, 0.035
 U 3144.66, 0.065
 U 3121.96, 0.03
 U 3121.96, 0.035
 U 3090.86, 0.035
 - 3022.1, 0.035
 U 2989.76, 0.03
 - 2976.99, 0.04
 - 2962.27, 0.065
 U 2945.56, 0.025
 U 2916.76, 0.025
 U 2863.76, 0.035
 U 2848.06, 0.02
 U 2825.36, 0.03
 - 2795.54, 0.045
 U 2749.36, 0.04
 U 2540.36, 0.03
 U 2526.56, 0.06
 - 2506.3, 0.65
 U 2468.36, 0.025
 U 2456.06, 0.025
 - 2419.49, 0.05
 U 2372.16, 0.04
 U 2304.06, 0.3
 U 2261.76, 0.03
 U 2249.96, 0.075
 - 2206.52, 0.035
 - 2206.52, 0.015
 U 2190.86, 0.055
 U 2127.66, 0.025
 U 1902.46, 0.02
 - 1758.51, 0.02
