136.09
 - 0, 12.2
 E 0, 1.83
174.14
 - 0, 12.5
213.38
 - 0, 0.17
346.23
 - 136.09, 1.88
 - 0, 3.99
404.32
 - 213.38, 0.095
 - 136.09, 0.19
406
 - 174.14, 0.19
 - 136.09, 0.95
 - 0, 0.11
431.93
 - 174.14, 0.52
 - 0, 3.56
501.15
 - 213.38, 0.48
 - 136.09, 0.26
 - 0, 1.57
548.1
 - 346.23, 0.35
 - 174.14, 0.58
554.53
 - 431.93, 0.07
 - 174.14, 0.51
 - 0, 3.23
562.89
 - 174.14, 0.89
 - 136.09, 0.15
 - 0, 2.77
568.1
 - 0, 0.27
592.15
 - 346.23, 0.39
 - 213.38, 1.4
 - 174.14, 0.36
 - 136.09, 0.64
 - 0, 0.91
661.28
 - 501.15, 0.28
 - 346.23, 0.44
 - 174.14, 0.44
 - 136.09, 0.12
 - 0, 0.88
697.3
 - 136.09, 0.2
736.84
 - 554.53, 0.11
 - 431.93, 0.08
 - 406, 0.19
 - 174.14, 0.75
 - 136.09, 0.22
 - 0, 0.93
774.94
 - 346.23, 0.47
 - 136.09, 0.34
 - 0, 0.64
902.96
 - 501.15, 0.09
 - 174.14, 0.1
 - 0, 0.43
905.5
 - 213.38, 0.13
 - 136.09, 0.39
 - 0, 0.73
907.58
 - 213.38, 0.12
 - 174.14, 0.28
 - 136.09, 0.51
 - 0, 0.51
927.17
 - 568.1, 1.21
 - 548.1, 1.4
 - 174.14, 0.07
 - 136.09, 0.16
940.27
 - 213.38, 0.11
 - 136.09, 0.26
 - 0, 0.22
991.4
 - 213.38, 0.05
1065.29
 - 404.32, 0.28
 - 213.38, 0.13
 - 136.09, 0.05
1106.5
 - 174.14, 0.59
1110
 - 431.93, 0.03
 - 406, 0.05
 - 0, 0.15
1174
 - 548.1, 1.3
1237.24
 P 0, 1
1324.2
 - 346.23, 0.32
1347.12
 - 501.15, 0.14
 - 136.09, 0.19
1400.91
 - 661.28, 0.13
 - 562.89, 0.17
 - 431.93, 0.19
 - 406, 0.32
 - 0, 0.47
1431.1
 - 568.1, 0.8
 - 562.89, 0.49
 - 136.09, 0.17
1485.74
 P 0, 1
1604.42
 - 568.1, 0.19
 - 431.93, 0.26
 - 406, 0.91
 - 174.14, 0.61
 - 136.09, 0.23
 - 0, 0.95
1717
 - 136.09, 0.32
 - 0, 0.54
1730.4
 - 431.93, 0.14
 - 0, 1.07
1835.88
 - 927.17, 0.07
 - 661.28, 0.24
 - 592.15, 0.31
 - 136.09, 0.68
1880.5
 - 1174, 0.15
 - 592.15, 0.36
 - 548.1, 1.27
 - 136.09, 0.2
 - 0, 0.27
1906.06
 - 1174, 0.13
 - 661.28, 0.66
 - 346.23, 0.19
 - 174.14, 0.52
1961.94
 - 1400.91, 0.16
 - 927.17, 0.44
 - 592.15, 0.7
 - 501.15, 0.27
 - 346.23, 0.15
2003.6
 - 927.17, 0.27
2013.94
 P 0, 1
2065.14
 P 0, 1
2080.74
 P 0, 1
2108.74
 P 0, 1
2166.74
 P 0, 1
2206.04
 - 1400.91, 0.29
 - 1174, 0.23
 - 927.17, 0.13
 - 907.58, 0.4
 - 661.28, 0.23
 - 346.23, 0.29
 - 174.14, 0.27
2223.6
 - 0, 1.5
2284.94
 P 0, 1
2372.44
 P 0, 1
2444.54
 P 0, 1
2467.14
 P 0, 1
2482.64
 P 0, 1
2517.14
 P 0, 1
2556.74
 P 0, 1
2576.17
 - 736.84, 0.5
 - 548.1, 0.34
 - 501.15, 0.32
 - 0, 0.42
2602.84
 P 0, 1
2680.44
 P 0, 1
2784.74
 P 0, 1
2873.84
 P 0, 1
2884.34
 P 0, 1
2911.94
 P 0, 1
2945.04
 P 0, 1
2955.34
 P 0, 1
3011.04
 P 0, 1
3067.34
 P 0, 1
3178.54
 P 0, 1
3291.14
 P 0, 1
3340.04
 P 0, 1
3402.04
 P 0, 1
3466.14
 P 0, 1
3612.54
 P 0, 1
3682.74
 P 0, 1
3715.54
 P 0, 1
3727.04
 P 0, 1
3742.94
 P 0, 1
3754.84
 P 0, 1
3783.04
 P 0, 1
3794.04
 P 0, 1
3807.14
 P 0, 1
3835.34
 P 0, 1
3860.74
 P 0, 1
3870.74
 P 0, 1
3891.04
 P 0, 1
3916.54
 P 0, 1
3927.44
 P 0, 1
3970.04
 P 0, 1
3981.34
 P 0, 1
4027.24
 P 0, 1
4041.14
 P 0, 1
4051.64
 P 0, 1
4131.44
 P 0, 1
4294.24
 P 0, 1
4304.94
 P 0, 1
4342.24
 P 0, 1
4426.44
 P 0, 1
4444.04
 P 0, 1
4481.94
 P 0, 1
4538.14
 P 0, 1
4563.44
 P 0, 1
4624.04
 P 0, 1
4657.04
 P 0, 1
4676.94
 P 0, 1
4693.54
 P 0, 1
4750.94
 P 0, 1
4881.34
 P 0, 1
4892.14
 P 0, 1
4910.84
 P 0, 1
4921.54
 P 0, 1
4945.64
 P 0, 1
4998.84
 P 0, 1
5011.34
 P 0, 1
5022.54
 P 0, 1
5037.24
 P 0, 1
5051.24
 P 0, 1
5063.84
 P 0, 1
5075.14
 P 0, 1
5178.84
 P 0, 1
5191.44
 P 0, 1
5202.24
 P 0, 1
5230.84
 P 0, 1
6232.04
 - 2576.17, 1.26
 - 2223.6, 1.52
 - 2206.04, 1.79
 - 1961.94, 2
 - 1906.06, 0.88
 - 1880.5, 2.27
 - 1835.88, 1.17
 - 1730.4, 0.79
 - 1717, 0.71
 - 1604.42, 2.78
 - 1431.1, 0.44
 - 1400.91, 0.67
 - 1347.12, 0.58
 - 1324.2, 0.16
 - 1174, 0.07
 - 1110, 0.17
 - 907.58, 0.13
 - 905.5, 0.15
 - 774.94, 0.42
 - 736.84, 0.19
 - 661.28, 0.12
 - 592.15, 0.17
 - 562.89, 0.36
 - 554.53, 0.19
 - 548.1, 0.19
 - 431.93, 0.07
 - 406, 0.12
 - 346.23, 0.31
 - 174.14, 0.16
 - 136.09, 0.13
 U 5230.84, 0.27
 U 5202.24, 0.04
 U 5191.44, 0.24
 U 5191.44, 0.34
 U 5191.44, 0.29
 U 5178.84, 0.2
 U 5075.14, 0.07
 U 5075.14, 0.16
 U 5063.84, 0.1
 U 5051.24, 0.45
 U 5051.24, 0.37
 U 5037.24, 0.05
 U 5022.54, 0.28
 U 5022.54, 0.19
 U 5022.54, 0.08
 U 5011.34, 0.13
 U 4998.84, 0.52
 U 4998.84, 0.17
 U 4998.84, 0.25
 U 4945.64, 0.12
 U 4945.64, 0.15
 U 4921.54, 0.27
 U 4921.54, 0.12
 U 4910.84, 0.32
 U 4910.84, 0.24
 U 4892.14, 0.13
 U 4892.14, 0.38
 U 4881.34, 0.13
 U 4750.94, 0.27
 U 4750.94, 0.27
 U 4693.54, 0.11
 U 4676.94, 0.22
 U 4676.94, 0.45
 U 4657.04, 0.2
 U 4624.04, 0.2
 U 4563.44, 0.13
 U 4563.44, 0.22
 U 4538.14, 0.11
 U 4481.94, 0.09
 U 4481.94, 0.09
 U 4444.04, 0.11
 U 4426.44, 0.09
 U 4342.24, 0.58
 U 4304.94, 0.13
 U 4294.24, 0.25
 U 4131.44, 0.3
 U 4051.64, 0.34
 U 4041.14, 0.14
 U 4027.24, 0.34
 U 3981.34, 0.15
 U 3981.34, 0.19
 U 3970.04, 0.22
 U 3927.44, 0.32
 U 3916.54, 0.25
 U 3916.54, 0.19
 U 3891.04, 0.3
 U 3870.74, 0.19
 U 3860.74, 0.2
 U 3835.34, 0.19
 U 3807.14, 0.19
 U 3794.04, 0.19
 U 3783.04, 0.51
 U 3754.84, 0.16
 U 3754.84, 0.28
 U 3742.94, 0.13
 U 3742.94, 0.1
 U 3727.04, 0.25
 U 3727.04, 0.19
 U 3715.54, 0.23
 U 3715.54, 0.17
 U 3682.74, 0.32
 U 3612.54, 0.62
 U 3612.54, 0.19
 U 3466.14, 0.32
 U 3402.04, 0.25
 U 3340.04, 0.57
 U 3291.14, 0.19
 U 3178.54, 0.7
 U 3067.34, 0.6
 U 3011.04, 0.19
 U 2955.34, 0.16
 U 2945.04, 0.32
 U 2945.04, 0.25
 U 2911.94, 0.67
 U 2884.34, 0.35
 U 2873.84, 0.56
 U 2784.74, 0.12
 U 2680.44, 0.22
 U 2602.84, 0.19
 U 2556.74, 0.71
 U 2517.14, 0.51
 U 2517.14, 0.32
 U 2482.64, 0.36
 U 2467.14, 0.39
 U 2444.54, 0.34
 U 2372.44, 0.27
 U 2284.94, 0.88
 U 2166.74, 0.86
 U 2108.74, 0.2
 U 2080.74, 0.22
 U 2080.74, 0.28
 U 2065.14, 0.33
 U 2013.94, 0.94
 - 2003.6, 0.42
 - 1961.94, 0.9
 - 1906.06, 0.29
 U 1485.74, 0.24
 U 1237.24, 0.07
