511.87
 - 0, 1500
1128.15
 - 511.87, 281
 - 0, 94
1133.86
 - 511.87, 57
1229.17
 - 511.87, 310
1557.74
 - 1128.15, 43
 - 511.87, 96
1562.24
 - 1133.86, 4.8
 - 1128.15, 4.2
 - 511.87, 106
 - 0, 9.7
1706.57
 - 1128.15, 3.8
 - 511.87, 9.3
1904.31
 - 1557.74, 8.9
 - 1128.15, 4.5
1909.45
 - 511.87, 25
 - 0, 7.8
1932.27
 - 1557.74, 2.3
 - 1229.17, 14.1
 - 1128.15, 34
2001.48
 - 1128.15, 6.6
 - 511.87, 0.7
2076
 - 1229.17, 20
2077.57
 - 1229.17, 18
 - 1128.15, 1.8
 - 511.87, 5.9
2084.5
 - 1562.24, 1.5
 - 1128.15, 5.2
 - 511.87, 61
 - 0, 0.5
2242.54
 - 1562.24, 14.1
 - 1557.74, 5.3
 - 1133.86, 4.1
 - 1128.15, 8.2
 - 511.87, 1.3
 - 0, 1.6
2278.48
 - 511.87, 3.5
2282.72
 - 1229.17, 17.8
 - 511.87, 1.7
2306.19
 - 1557.74, 31
2308.7
 - 1128.15, 5.1
 - 511.87, 11.7
 - 0, 0.86
2350.95
 - 1932.27, 1.6
 - 1557.74, 7
 - 511.87, 2.8
2366.21
 - 1557.74, 9.5
 - 1229.17, 0.6
2397.46
 - 1229.17, 17.1
2400.7
 P 0, 1
2439.18
 - 1133.86, 1.5
 - 511.87, 14.5
 - 0, 5.4
2472.19
 - 1706.57, 1
 - 511.87, 1.2
2485.33
 - 511.87, 1.8
 - 0, 22
2500.1
 - 511.87, 22
2578.63
 - 1557.74, 6.3
 - 1229.17, 9
2624.4
 - 1562.24, 1.5
 - 1128.15, 1
 - 511.87, 1.8
2626.87
 - 1562.24, 1
 - 1128.15, 8.3
 - 511.87, 4.1
2713.86
 - 1557.74, 4.6
 - 1229.17, 2.3
 - 511.87, 1.4
2747.72
 - 511.87, 17
2775.94
 - 2242.54, 2.3
 - 1557.74, 3.6
 - 1229.17, 1.3
 - 511.87, 2.3
2783.75
 - 1229.17, 0.4
 - 1128.15, 0.8
 - 511.87, 10.9
2821.03
 - 1562.24, 1.3
 - 1133.86, 0.5
 - 1128.15, 1
 - 511.87, 6.1
2826.99
 - 1557.74, 0.6
 - 511.87, 3.5
2850.8
 - 1229.17, 6.4
2861.06
 - 1557.74, 2.7
 - 1229.17, 1.9
2878.36
 - 1562.24, 0.3
 - 511.87, 1.8
2886.26
 - 511.87, 6.3
2897.35
 - 1229.17, 3.7
2902.13
 - 1128.15, 3.3
 - 511.87, 7.5
2908.64
 - 511.87, 15.6
2918.55
 - 1562.24, 0.6
 - 1557.74, 1.7
 - 511.87, 6
2935.96
 - 511.87, 8.6
2968.65
 - 511.87, 6.3
3037.28
 - 1128.15, 6.1
 - 511.87, 1.2
3056.2
 - 1557.74, 8.3
 - 511.87, 4.8
3071.17
 - 511.87, 12.9
3173.77
 - 1557.74, 4.8
 - 1128.15, 3.6
3221.7
 - 1128.15, 3.4
3319.57
 - 1133.86, 1.2
9561.2
 - 3071.17, 0.08
 - 2968.65, 0.09
 - 2935.96, 0.18
 - 2908.64, 0.16
 - 2826.99, 0.24
 - 2747.72, 0.12
 - 2500.1, 0.08
 - 2485.33, 0.05
 - 2439.18, 0.09
 U 2400.7, 0.1
 - 2084.5, 0.08
 - 1932.27, 0.14
 - 1562.24, 0.05
 - 1557.74, 0.05
 - 1229.17, 0.11
 - 1128.15, 0.05
 - 511.87, 0.02
