113.4
 - 0, 300
 E 0, 267.3
188.99
 - 0, 16.5
 E 0, 12.9195
245.081
 - 0, 154
 E 0, 1.848
266.342
 - 113.4, 95
 E 113.4, 11.115
 - 0, 28
 E 0, 1.2348
276.289
 - 0, 33
 E 0, 0.891
287.25
 - 188.99, 16.5
 E 188.99, 6.5835
291.434
 - 113.4, 72
 E 113.4, 5.5872
 - 0, 60
 E 0, 1.44
325.284
 - 113.4, 34
 E 113.4, 1.802
 - 0, 122
 E 0, 2.1228
326.869
 - 0, 50
 E 0, 1.115
339.53
 - 245.081, 35
 E 245.081, 19.95
 - 0, 114
 E 0, 0.6612
426.14
 - 276.289, 1
 - 0, 11.7
 E 0, 0.096174
433.563
 - 326.869, 1
 - 325.284, 4.9
 - 113.4, 28
 E 113.4, 0.46956
 - 0, 59
 E 0, 0.46492
491.589
 - 325.284, 2.2
 - 291.434, 12
 E 291.434, 0.6804
 - 113.4, 24.3
 E 113.4, 0.338985
 - 0, 9.6
540.675
 - 326.869, 1.8
 - 325.284, 6.7
 E 325.284, 0.31289
 - 291.434, 19.4
 E 291.434, 0.61886
 - 276.289, 1.4
 - 266.342, 0.6
 - 245.081, 1.4
 - 0, 3.1
604.512
 - 339.53, 13.4
 E 339.53, 0.469
 - 287.25, 1.8
 - 245.081, 69
 E 245.081, 0.86457
 - 0, 5.5
623.481
 - 433.563, 2.8
 - 426.14, 0.6
 - 325.284, 12.6
 E 325.284, 0.315
 - 291.434, 3.2
 - 276.289, 1.8
 - 266.342, 0.6
 - 0, 6.2
645.9
 - 0, 0.8
673.488
 - 339.53, 64
 E 339.53, 1.0368
 - 326.869, 0.6
 - 245.081, 19
 E 245.081, 0.18012
 - 0, 1
722.043
 - 491.589, 2.8
 - 433.563, 2.2
 - 326.869, 2.9
 - 325.284, 10.2
 - 266.342, 7.7
 - 0, 14
791.425
 - 426.14, 0.6
 - 326.869, 1.6
 - 276.289, 5.7
 - 266.342, 1.4
 - 113.4, 1.6
 - 0, 3.5
810.592
 - 623.481, 1
 - 433.563, 1.8
 - 325.284, 5.1
 - 0, 14.5
846.1
 P 0, 1
911.25
 - 326.869, 0.5
 - 325.284, 1.5
 - 291.434, 5.4
 - 0, 4
941.098
 - 673.488, 2.2
 - 604.512, 21
 E 604.512, 0.3108
 - 339.53, 15.6
 - 291.434, 0.5
 - 266.342, 3
 - 245.081, 2.2
944.967
 - 722.043, 0.6
 - 291.434, 0.8
 - 266.342, 1.2
 - 113.4, 11.7
954.164
 - 433.563, 4.3
 - 325.284, 2.7
 - 113.4, 4.6
981.755
 - 426.14, 1.8
 - 326.869, 1.9
 - 291.434, 4.4
 - 276.289, 0.8
1053.63
 - 326.869, 5.5
 - 266.342, 2.3
1065.8
 P 0, 1
1091
 P 0, 1
1111.8
 P 0, 1
1134.69
 - 673.488, 13.1
 - 604.512, 2.6
1147.2
 P 0, 1
1232.8
 - 433.563, 5.1
 - 266.342, 7.8
1243.9
 P 0, 1
1268.1
 P 0, 1
1328.4
 P 0, 1
1347.7
 P 0, 1
1359.41
 - 1134.69, 0.6
 - 673.488, 22.8
 - 604.512, 27
 - 339.53, 12.5
1371.1
 P 0, 1
1377.7
 P 0, 1
1399
 P 0, 1
1479.3
 P 0, 1
1484.9
 P 0, 1
1536.9
 P 0, 1
1540.3
 P 0, 1
1601.3
 P 0, 1
1615.4
 P 0, 1
1644.2
 P 0, 1
1647.8
 P 0, 1
1683.5
 P 0, 1
1709.7
 P 0, 1
1728.1
 P 0, 1
1789
 P 0, 1
1840.8
 P 0, 1
1914.9
 P 0, 1
1923.4
 P 0, 1
1996.7
 P 0, 1
2024.3
 P 0, 1
2087.4
 P 0, 1
2119.5
 P 0, 1
2158.1
 P 0, 1
2192.4
 P 0, 1
2227.9
 P 0, 1
2241.9
 P 0, 1
2363
 P 0, 1
2414.7
 P 0, 1
2569.9
 P 0, 1
2589.9
 P 0, 1
2763.5
 P 0, 1
2885.6
 P 0, 1
2924.4
 P 0, 1
2984.8
 P 0, 1
6153.51
 U 2984.8, 6.7
 U 2924.4, 10.2
 U 2885.6, 3.7
 U 2763.5, 5.4
 U 2589.9, 5.4
 U 2569.9, 3
 U 2414.7, 19.3
 U 2363, 5
 U 2241.9, 13.2
 U 2227.9, 8.5
 U 2192.4, 4.2
 U 2158.1, 5.4
 U 2119.5, 14.5
 U 2087.4, 10
 U 2024.3, 10
 U 1996.7, 3.7
 U 1923.4, 10
 U 1914.9, 8.5
 U 1840.8, 13.3
 U 1789, 4.2
 U 1728.1, 8.5
 U 1709.7, 8
 U 1683.5, 4.2
 U 1644.2, 11
 U 1615.4, 6.5
 U 1601.3, 6
 U 1536.9, 5.1
 U 1484.9, 2.1
 U 1479.3, 6.6
 U 1377.7, 12
 - 1359.41, 68.3
 U 1268.1, 0.7
 U 1243.9, 4.3
 - 1232.8, 17.8
 U 1147.2, 6.4
 - 1134.69, 5.8
 U 1111.8, 2.5
 - 1053.63, 7.5
 - 981.755, 3
 - 941.098, 27
 - 722.043, 11.7
 - 673.488, 12.9
 - 540.675, 0.9
 - 491.589, 1.8
 - 433.563, 21.2
 - 325.284, 19.1
 - 266.342, 7.5
 - 0, 1.1
