127.267
 P 0, 1
223.33
 U 127.267, 10.9
 V 127.267, 6.2348
272.966
 - 0, 20.4
289.66
 U 127.267, 14.7
313.476
 U 223.33, 0.038
 U 127.267, 13.8
350.576
 U 289.66, 13.5
 V 289.66, 28.485
366.418
 U 289.66, 0.28
 V 289.66, 0.3038
373.373
 U 350.576, 4.5
 V 350.576, 23.4
 U 127.267, 0.14
425.93
 U 313.476, 0.7
 U 223.33, 1.03
 U 127.267, 5.9
448.032
 - 272.966, 0.5
458.942
 U 373.373, 15.7
460
 U 313.476, 0.12
508.241
 U 425.93, 0.1
 - 272.966, 1.91
 U 223.33, 2.68
554.979
 U 458.942, 7
556.849
 - 0, 2
648.916
 U 313.476, 5.9
 U 127.267, 0.1
658.073
 - 272.966, 5.8
665.616
 U 366.418, 0.13
 U 350.576, 0.42
 U 289.66, 1.66
728.865
 U 554.979, 2.2
735.688
 U 313.476, 0.88
 U 127.267, 1.88
744.823
 U 223.33, 1.12
 U 127.267, 0.12
760.997
 U 665.616, 0.6
 U 648.916, 0.14
 U 373.373, 0.05
 U 350.576, 0.46
 U 313.476, 0.14
 U 289.66, 2.52
 U 127.267, 0.8
771.14
 - 0, 0.73
787.188
 - 556.849, 0.06
 - 448.032, 0.29
789.372
 U 648.916, 1.23
 U 313.476, 0.9
 U 127.267, 0.13
790.921
 - 658.073, 0.09
 U 425.93, 0.33
 - 272.966, 1.7
 U 223.33, 0.56
813.346
 - 658.073, 1.42
 - 508.241, 0.6
 U 313.476, 0.15
 - 272.966, 0.38
829.131
 U 744.823, 0.38
 - 658.073, 1.74
 - 508.241, 0.91
 U 313.476, 0.4
 - 272.966, 1
850.491
 - 556.849, 0.6
 U 554.979, 1.79
 - 272.966, 1.07
875.287
 - 556.849, 0.31
 - 272.966, 1.6
892.667
 - 850.491, 0.13
 E 850.491, 0.8034
 U 728.865, 0.22
 - 556.849, 0.2
 U 554.979, 1.56
 - 508.241, 1.8
 U 458.942, 3.54
910.77
 - 658.073, 0.06
 - 508.241, 0.06
914.5
 P 0, 1
920.81
 - 771.14, 0.4
 - 272.966, 0.53
949.305
 U 789.372, 0.3
 U 735.688, 0.36
 U 648.916, 0.32
 U 554.979, 0.15
 U 458.942, 0.49
951.476
 U 728.865, 0.06
 - 658.073, 0.25
 U 554.979, 0.23
 - 508.241, 0.27
 U 458.942, 1.77
970.302
 - 829.131, 1.37
 - 813.346, 0.13
 U 789.372, 0.1
 U 744.823, 0.06
 U 735.688, 0.43
 U 223.33, 0.26
972.9
 P 0, 1
1007.66
 - 892.667, 0.3
 U 458.942, 1.16
 U 373.373, 0.77
 U 350.576, 0.72
1015.5
 - 813.346, 0.17
 U 223.33, 0.67
1019.04
 - 892.667, 2.47
 - 875.287, 0.02
 U 458.942, 0.41
1031.23
 - 813.346, 0.05
 - 790.921, 0.17
 - 658.073, 0.22
 U 223.33, 0.27
1052.68
 - 1007.66, 0.11
 E 1007.66, 0.5621
 - 951.476, 0.11
 - 850.491, 0.17
 U 554.979, 0.27
1057.34
 U 789.372, 0.24
 U 735.688, 0.4
1070.89
 U 554.979, 0.15
 U 223.33, 1.05
1072.37
 P 0, 1
1081.58
 U 458.942, 0.35
1081.87
 - 790.921, 1.56
1095.4
 P 0, 1
1121.8
 P 0, 1
1152.4
 U 458.942, 0.73
1167.04
 - 970.302, 0.4
 U 648.916, 0.15
1187.27
 P 0, 1
1204.36
 U 648.916, 0.5
1213.46
 - 970.302, 0.07
 U 744.823, 0.18
1252.65
 P 0, 1
1285.69
 P 0, 1
1285.83
 - 892.667, 0.25
1304.43
 P 0, 1
1341.8
 P 0, 1
1374.43
 U 554.979, 0.5
1399.77
 - 1031.23, 0.08
 - 813.346, 0.17
 U 744.823, 0.3
1426.4
 P 0, 1
1437.7
 P 0, 1
1451.07
 U 744.823, 0.24
 U 554.979, 0.12
 U 458.942, 0.56
1465.9
 P 0, 1
5707.21
 P 0, 1
5736.64
 P 0, 1
5753.76
 P 0, 1
5764.8
 P 0, 1
5782.79
 P 0, 1
6784.3
 U 1451.07, 0.38
 U 1437.7, 0.19
 U 1426.4, 0.22
 - 1399.77, 0.023
 U 1374.43, 0.25
 U 1341.8, 0.046
 U 1304.43, 0.102
 U 1285.69, 0.15
 U 1252.65, 0.051
 U 1252.65, 0.011
 - 1213.46, 0.086
 U 1204.36, 0.13
 U 1187.27, 0.01
 - 1167.04, 0.014
 U 1121.8, 0.015
 U 1095.4, 0.01
 U 1081.58, 0.016
 U 1070.89, 0.03
 - 1052.68, 0.057
 - 1031.23, 0.057
 - 1015.5, 0.14
 - 1007.66, 0.061
 U 972.9, 0.007
 U 972.9, 0.063
 U 949.305, 0.043
 - 892.667, 0.86
 U 789.372, 0.016
 U 735.688, 0.045
 - 658.073, 0.017
 U 648.916, 0.055
 U 554.979, 0.052
 - 508.241, 0.004
 U 458.942, 0.071
 U 373.373, 0.092
 U 313.476, 0.007
 U 223.33, 0.016
 U 127.267, 0.017
 U 5782.79, 0.15
 U 5764.8, 0.15
 U 5764.8, 0.52
 U 5764.8, 0.33
 U 5753.76, 0.22
 U 5753.76, 0.36
 U 5736.64, 0.12
 U 5736.64, 0.13
 U 5707.21, 0.86
