105.49
 P 0, 1
180.363
 - 0, 44
464.62
 U 105.49, 7.6
544.606
 - 180.363, 0.15
 - 0, 5.37
633.741
 - 180.363, 1.01
 - 0, 3.92
759.81
 U 464.62, 1.23
 U 105.49, 2.85
773.215
 - 180.363, 0.89
 - 0, 2.79
812.93
 - 0, 0.54
874.88
 - 544.606, 1.1
 - 180.363, 2.17
 - 0, 3.18
948.6
 P 0, 1
966.86
 - 180.363, 0.15
 - 0, 1.25
1032.7
 P 0, 1
1162.2
 U 464.62, 2.67
 U 105.49, 0.21
1179
 P 0, 1
1221.25
 U 759.81, 0.65
 U 464.62, 3.1
 - 0, 0.13
1233.83
 - 544.606, 0.4
 - 180.363, 0.36
1281.56
 - 544.606, 0.38
 - 0, 0.39
1303.39
 - 633.741, 0.25
 - 180.363, 0.57
 - 0, 0.23
1317.85
 - 633.741, 0.17
 - 544.606, 0.1
 - 0, 0.16
1421.34
 - 773.215, 0.19
 - 0, 0.48
1559.84
 - 1221.25, 0.45
 - 773.215, 0.27
 U 759.81, 0.63
 - 180.363, 0.18
 - 0, 0.39
1599.39
 - 812.93, 0.27
1656.25
 - 0, 0.52
1675.4
 P 0, 1
1692.3
 P 0, 1
1752.28
 U 1162.2, 0.2
 U 759.81, 0.43
 U 464.62, 0.2
 - 0, 0.17
1836.4
 P 0, 1
1851.53
 U 1162.2, 1.01
 - 966.86, 0.11
 U 759.81, 0.14
 - 0, 0.37
1868.86
 - 773.215, 0.26
 - 633.741, 0.26
 - 544.606, 0.21
2005.7
 P 0, 1
2040.19
 - 1559.84, 0.28
 - 1221.25, 0.43
 - 180.363, 1.51
 - 0, 0.71
2180.26
 P 0, 1
2193.7
 P 0, 1
2205.7
 P 0, 1
2221.66
 - 1221.25, 0.34
 - 544.606, 0.48
 - 180.363, 0.34
 - 0, 0.98
2232.6
 P 0, 1
2267.23
 - 1559.84, 0.41
 - 1221.25, 0.36
 U 1162.2, 0.2
 - 773.215, 0.29
 - 633.741, 0.26
 - 180.363, 1.32
 - 0, 0.12
2294.7
 P 0, 1
2360.47
 - 1656.25, 0.14
 - 1559.84, 0.48
 - 1221.25, 0.39
 - 874.88, 0.33
 - 773.215, 0.14
 - 544.606, 0.08
 - 180.363, 17.2
 - 0, 3.22
2379.56
 - 1851.53, 0.22
 - 1656.25, 0.11
 - 1281.56, 0.49
 - 1221.25, 0.83
 - 966.86, 0.08
 - 874.88, 0.57
 - 773.215, 0.6
 U 759.81, 0.34
 - 633.741, 0.24
 - 544.606, 0.26
 - 180.363, 5.7
 - 0, 2.06
2481.3
 P 0, 1
2493.05
 - 1868.86, 0.09
 - 1851.53, 0.11
 - 966.86, 0.11
 - 180.363, 0.12
 - 0, 0.14
2524.76
 - 874.88, 0.31
 - 180.363, 0.19
 - 0, 1.1
2537.3
 P 0, 1
2581.67
 - 1851.53, 0.19
 - 1221.25, 0.17
 - 180.363, 0.27
 - 0, 0.09
2670.2
 P 0, 1
2691.2
 P 0, 1
2705.12
 - 2360.47, 0.22
 - 2267.23, 0.07
 - 1303.39, 0.13
 - 1233.83, 0.27
 - 874.88, 2.12
 - 773.215, 0.31
 - 633.741, 0.43
 - 180.363, 4.8
 - 0, 3.23
2845.1
 P 0, 1
2955.3
 P 0, 1
3035.9
 P 0, 1
3093.1
 P 0, 1
3183.5
 P 0, 1
3203.6
 P 0, 1
3245.05
 P 0, 1
3355.46
 - 0, 0.73
3429.8
 - 874.88, 0.26
 U 759.81, 0.11
 - 180.363, 0.1
3475.51
 P 0, 1
3502.58
 - 874.88, 0.12
 U 759.81, 0.07
 - 180.363, 0.28
3528.28
 - 874.88, 0.19
 - 773.215, 0.14
 - 180.363, 0.64
 - 0, 0.54
3546.91
 - 1559.84, 0.05
 - 180.363, 0.22
 - 0, 0.05
3564.51
 - 0, 1.04
3601.96
 P 0, 1
3638.38
 - 180.363, 0.33
 - 0, 0.69
3648.77
 - 180.363, 0.39
3672.4
 P 0, 1
3707.69
 P 0, 1
3746
 P 0, 1
3792.41
 - 1421.34, 0.11
 - 773.215, 0.11
 - 180.363, 2.14
 - 0, 0.39
3852.71
 - 1221.25, 0.08
 - 180.363, 0.26
3865.37
 - 180.363, 0.55
3888.37
 P 0, 1
3917.5
 P 0, 1
3947.9
 P 0, 1
3975.1
 P 0, 1
4002.9
 P 0, 1
4015.7
 P 0, 1
4032.59
 - 180.363, 0.5
4059.73
 P 0, 1
4087.54
 - 2379.56, 0.5
 - 180.363, 0.25
4121.19
 - 180.363, 0.24
 - 0, 0.06
4133.5
 - 180.363, 0.26
 - 0, 0.46
4161.7
 P 0, 1
4175.3
 - 0, 0.32
4180.67
 - 180.363, 0.22
4204.3
 - 0, 0.21
4220.61
 - 3792.41, 0.05
 - 2221.66, 0.24
4240.5
 - 180.363, 0.21
4277.02
 - 180.363, 0.1
4297.8
 - 0, 0.17
4311.99
 P 0, 1
4356.13
 - 180.363, 0.32
4364.57
 - 180.363, 0.44
 - 0, 0.83
4374
 - 0, 0.07
4388.93
 - 180.363, 0.44
4399.9
 P 0, 1
4432.93
 - 180.363, 0.23
 - 0, 0.65
4464.45
 P 0, 1
4512.56
 P 0, 1
4525.87
 P 0, 1
4541.3
 P 0, 1
4552.85
 P 0, 1
4568.2
 P 0, 1
4588.48
 - 0, 0.21
4642.7
 P 0, 1
4664.33
 P 0, 1
4724.3
 P 0, 1
4743.6
 P 0, 1
4780.9
 P 0, 1
4808.9
 P 0, 1
4828.53
 P 0, 1
4850
 P 0, 1
4874.1
 P 0, 1
4932.23
 P 0, 1
4956.3
 P 0, 1
5010.06
 P 0, 1
5047.43
 P 0, 1
6082.4
 - 4588.48, 0.45
 - 4432.93, 0.48
 - 4388.93, 0.93
 - 4374, 0.5
 - 4364.57, 1.76
 - 4356.13, 0.28
 - 4297.8, 0.22
 - 4277.02, 0.4
 - 4240.5, 0.49
 - 4220.61, 0.58
 - 4204.3, 0.28
 - 4180.67, 0.34
 - 4175.3, 0.2
 - 4133.5, 0.61
 - 4121.19, 0.63
 - 4087.54, 0.68
 - 4032.59, 0.51
 - 3865.37, 0.85
 - 3852.71, 0.53
 - 3792.41, 3.83
 - 3648.77, 0.56
 - 3638.38, 0.97
 - 3564.51, 1.14
 - 3546.91, 0.79
 - 3528.28, 0.43
 - 3502.58, 1.06
 - 3429.8, 0.65
 - 3355.46, 0.68
 - 2705.12, 10.44
 - 2581.67, 0.86
 - 2524.76, 1.16
 - 2493.05, 0.52
 - 2379.56, 10.33
 - 2360.47, 19.54
 - 2267.23, 2.39
 - 2221.66, 1
 - 2040.19, 2.09
 - 1656.25, 0.23
 - 1559.84, 0.23
 - 633.741, 0.22
 - 180.363, 0.59
 - 0, 0.39
 U 5047.43, 0.36
 U 5010.06, 0.14
 U 4956.3, 0.1
 U 4932.23, 0.13
 U 4932.23, 0.23
 U 4874.1, 0.12
 U 4874.1, 0.13
 U 4850, 0.21
 U 4828.53, 0.18
 U 4808.9, 0.11
 U 4780.9, 0.18
 U 4743.6, 0.15
 U 4743.6, 0.1
 U 4724.3, 0.1
 U 4664.33, 0.33
 U 4642.7, 0.15
 U 4568.2, 0.16
 U 4552.85, 0.15
 U 4541.3, 0.16
 U 4541.3, 0.1
 U 4525.87, 0.11
 U 4512.56, 0.28
 U 4464.45, 0.52
 U 4399.9, 0.31
 - 4356.13, 0.27
 U 4311.99, 0.25
 - 4240.5, 0.14
 U 4161.7, 0.21
 U 4059.73, 0.34
 - 4032.59, 0.17
 U 4015.7, 0.3
 U 4002.9, 0.24
 U 3975.1, 0.44
 U 3947.9, 0.18
 U 3917.5, 0.14
 U 3888.37, 0.46
 U 3746, 0.25
 U 3707.69, 0.46
 U 3672.4, 0.12
 U 3601.96, 0.25
 - 3546.91, 0.16
 U 3475.51, 0.33
 - 3355.46, 0.16
 U 3245.05, 0.53
 U 3203.6, 0.21
 U 3183.5, 0.22
 U 3093.1, 0.31
 U 3093.1, 0.23
 U 3035.9, 0.29
 U 3035.9, 0.31
 U 2955.3, 0.34
 U 2845.1, 0.11
 U 2691.2, 0.27
 U 2670.2, 0.27
 U 2537.3, 0.17
 U 2481.3, 0.08
 U 2294.7, 0.14
 - 2267.23, 0.12
 U 2232.6, 0.24
 U 2205.7, 0.13
 U 2205.7, 0.3
 U 2193.7, 0.14
 U 2180.26, 0.85
 U 2005.7, 0.15
 U 1836.4, 0.24
 U 1692.3, 0.24
 U 1675.4, 0.22
 - 1221.25, 0.08
 U 1179, 0.21
 U 1162.2, 0.11
 U 1032.7, 0.12
 U 948.6, 0.17
