536.03
 - 0, 107.5
1122.17
 - 536.03, 25.3
 - 0, 5.7
1204.2
 - 536.03, 10.2
1590.4
 - 1122.17, 0.31
 - 536.03, 0.24
1632.53
 - 536.03, 8.3
1792.9
 - 536.03, 3.5
1808.5
 - 1122.17, 0.5
1840
 P 0, 1
2017.24
 - 1122.17, 2.2
 - 536.03, 4.7
2059.2
 - 1204.2, 0.6
2149.9
 - 536.03, 9.4
2171.4
 - 1204.2, 0.5
2238
 P 0, 1
2385.2
 - 1122.17, 7.5
2501.6
 - 536.03, 1.9
2543.4
 - 536.03, 1.5
2635
 P 0, 1
2662
 P 0, 1
2726
 P 0, 1
2763.7
 - 0, 2.3
2883
 P 0, 1
2950
 P 0, 1
2979
 P 0, 1
3070.1
 - 1122.17, 2.5
3148
 P 0, 1
3188
 P 0, 1
3300
 P 0, 1
3385
 P 0, 1
3437
 P 0, 1
3539
 P 0, 1
3599
 P 0, 1
3836
 P 0, 1
3868
 P 0, 1
3887
 P 0, 1
3994
 P 0, 1
4008
 P 0, 1
4042
 P 0, 1
4209
 P 0, 1
4217
 P 0, 1
4263
 P 0, 1
4287
 P 0, 1
8096.6
 P 0, 1
8182.81
 P 0, 1
9255.8
 U 4287, 0.45
 U 4263, 0.12
 U 4217, 0.22
 U 4209, 0.22
 U 4042, 0.47
 U 4008, 0.15
 U 3994, 0.44
 U 3887, 0.21
 U 3868, 0.31
 U 3836, 0.33
 U 3599, 0.26
 U 3539, 0.65
 U 3437, 0.08
 U 3385, 0.11
 U 3300, 0.23
 U 3188, 0.4
 U 3148, 0.91
 - 3070.1, 0.85
 U 2979, 0.65
 U 2950, 0.1
 U 2883, 0.42
 U 2726, 0.25
 U 2662, 0.21
 U 2635, 0.26
 - 2543.4, 0.15
 - 2385.2, 0.18
 U 2238, 0.11
 U 1840, 0.05
 - 1792.9, 0.18
 - 1122.17, 0.2
 - 536.03, 0.07
 - 0, 0.03
