601.01
 - 0, 100
986.17
 - 601.01, 30
1302.61
 - 601.01, 2.3
 - 0, 12
1461.28
 - 601.01, 1.3
1502.52
 P 0, 1
1668.15
 - 986.17, 0.97
 - 601.01, 1.9
1715.48
 - 601.01, 0.27
 - 0, 0.59
1841.51
 - 1302.61, 9.9
 - 0, 3
1936.45
 - 1668.15, 2.1
 - 986.17, 3.5
 - 601.01, 2.5
2109.98
 P 0, 1
2195.8
 - 1302.61, 2.3
2304.86
 P 0, 1
2352.4
 P 0, 1
2452.4
 - 986.17, 0.9
2490.38
 - 1302.61, 1.1
 - 986.17, 1.9
 - 601.01, 0.48
 - 0, 1.6
2608.8
 - 1715.48, 2.3
 - 601.01, 0.24
2917.34
 P 0, 1
2974.89
 P 0, 1
4025.4
 - 2608.8, 1
 - 2490.38, 6.7
 - 2452.4, 0.43
 - 2195.8, 1.5
 - 1936.45, 5.3
 - 1841.51, 12
 - 1461.28, 0.44
 - 986.17, 15
 - 601.01, 46
 U 2974.89, 1.4
 U 2917.34, 0.59
 U 2352.4, 0.8
 U 2304.86, 0.92
 U 2109.98, 0.4
 U 1502.52, 0.56
