627.3
 - 0, 92.1
866.98
 P 0, 1
1037.98
 P 0, 1
1081.96
 - 627.3, 26.709
1291.08
 P 0, 1
1420.66
 - 627.3, 0.23946
 - 0, 2.49591
1679.9
 - 0, 0.40524
1698.61
 - 0, 1.17888
1748.14
 - 1081.96, 1.32624
 - 627.3, 2.09988
 - 0, 0.56181
1849.08
 P 0, 1
1895.45
 - 627.3, 1.66701
1922.88
 P 0, 1
1946.02
 - 627.3, 0.50655
 - 0, 0.72759
1951.54
 - 0, 1.1973
2129.17
 - 1420.66, 1.18809
 - 1081.96, 2.05383
 - 627.3, 1.76832
 - 0, 1.17888
2155.4
 - 0, 0.4605
2158.82
 - 1420.66, 0.49734
 - 1081.96, 0.88416
 - 627.3, 0.67233
2185.55
 - 1081.96, 1.54728
 - 627.3, 1.80516
2207.98
 P 0, 1
2435.25
 - 1748.14, 0.14736
 - 1081.96, 1.31703
2480.74
 - 2185.55, 0.921
 - 2129.17, 0.921
 - 627.3, 2.0262
 - 0, 0.60786
2485.56
 - 1081.96, 0.32235
2549.71
 - 1420.66, 0.07368
 - 627.3, 0.35919
 - 0, 0.32235
2569.86
 - 1420.66, 0.05526
 - 1081.96, 0.19341
 - 0, 0.30393
2583.28
 P 0, 1
2597.18
 P 0, 1
2623.98
 P 0, 1
2648.58
 P 0, 1
2689.68
 P 0, 1
2881.58
 P 0, 1
2905.88
 P 0, 1
2916.38
 P 0, 1
2937.78
 P 0, 1
2991.28
 P 0, 1
3003.38
 P 0, 1
3024.8
 P 0, 1
3104.88
 P 0, 1
3154.28
 P 0, 1
3168.17
 P 0, 1
3181.28
 P 0, 1
3217.88
 P 0, 1
3238.98
 P 0, 1
3305.08
 P 0, 1
3317.28
 P 0, 1
3344.68
 P 0, 1
3358.38
 P 0, 1
3385.07
 P 0, 1
3401.78
 P 0, 1
3424.28
 P 0, 1
3472.88
 P 0, 1
3487.38
 P 0, 1
3507.68
 P 0, 1
3518.58
 P 0, 1
3536.68
 P 0, 1
3571.28
 P 0, 1
3591.98
 P 0, 1
3640.78
 P 0, 1
3669.08
 P 0, 1
3686.98
 P 0, 1
4723.48
 U 3385.07, 0.50655
 U 3168.17, 0.51576
 U 3024.8, 1.17888
 - 2569.86, 0.56181
 - 2549.71, 0.51576
 - 2485.56, 0.90258
 - 2480.74, 3.50901
 - 2435.25, 2.2104
 - 2185.55, 3.38928
 - 2158.82, 1.7499
 - 2129.17, 5.84835
 - 1946.02, 0.39603
 - 1895.45, 1.49202
 - 1748.14, 2.77221
 - 1081.96, 19.0647
 - 627.3, 51.576
 U 3640.78, 0.20262
 U 3640.78, 0.25788
 U 3591.98, 0.14736
 U 3571.28, 0.38682
 U 3536.68, 0.61707
 U 3518.58, 0.63549
 U 3507.68, 0.12894
 U 3507.68, 0.22104
 U 3487.38, 0.45129
 U 3487.38, 0.34998
 U 3472.88, 0.45129
 U 3472.88, 0.22104
 U 3424.28, 0.37761
 U 3401.78, 0.29472
 U 3401.78, 0.37761
 U 3358.38, 0.11973
 U 3344.68, 0.40524
 U 3317.28, 1.04073
 U 3305.08, 0.56181
 U 3238.98, 0.20262
 U 3217.88, 0.40524
 U 3181.28, 0.16578
 U 3154.28, 0.22104
 U 3154.28, 0.58944
 U 3104.88, 0.34077
 U 3003.38, 0.5526
 U 2991.28, 0.34998
 U 2937.78, 0.22104
 U 2916.38, 0.34998
 U 2881.58, 0.1842
 U 2689.68, 0.19341
 U 2689.68, 0.39603
 U 2648.58, 0.21183
 U 2648.58, 0.34998
 U 2623.98, 0.20262
 U 2623.98, 0.40524
 U 2597.18, 0.35919
 U 2583.28, 0.17499
 U 2207.98, 0.42366
 U 2207.98, 7.8285
 - 2185.55, 0.50655
 U 1922.88, 0.28551
 - 1895.45, 0.46971
 U 1849.08, 0.33156
 U 1291.08, 0.49734
