1435.78
 - 0, 39.9
1898.58
 - 1435.78, 9.3
2090.36
 - 1898.58, 0.94
2124.22
 P 0, 1
2190.01
 - 1435.78, 0.91
 - 0, 0.04
2203.21
 - 2090.36, 0.075
2217.83
 - 1435.78, 0.18
 - 0, 7
2307.58
 - 1898.58, 1.308
 - 1435.78, 1.7
2401.02
 P 0, 1
2415.41
 - 2203.21, 0.19
 - 2090.36, 0.5
 - 1898.58, 1.14
2445.55
 - 2217.83, 0.1
 - 1898.58, 0.8
 - 1435.78, 2.28
2482.3
 P 0, 1
2583.07
 - 2217.83, 0.56
 - 1435.78, 2.11
 - 0, 0.53
2639.26
 - 2445.55, 0.29
 - 2217.83, 0.16
 - 1435.78, 0.25
 - 0, 3.16
2779.59
 - 2445.55, 0.15
 - 2415.41, 0.56
 - 1898.58, 0.11
 - 1435.78, 1.18
2794.84
 - 1435.78, 0.14
 - 0, 0.16
2851.4
 - 1898.58, 0.13
 - 1435.78, 0.86
2880.72
 - 1898.58, 0.15
 - 1435.78, 9.8
2895.72
 P 0, 1
2916.84
 - 1435.78, 0.18
 - 0, 0.16
2931.3
 - 1435.78, 1.7
 - 0, 0.21
2991.29
 - 2415.41, 0.23
 - 2307.58, 0.11
 - 2217.83, 0.32
 - 1435.78, 0.6
3049.78
 - 2190.01, 0.45
 - 1435.78, 2
 - 0, 0.53
3085
 P 0, 1
3154.59
 - 2445.55, 0.074
 - 2415.41, 0.083
 - 2090.36, 0.15
 - 1898.58, 0.24
 - 1435.78, 0.39
3163.06
 - 2445.55, 0.13
 - 2307.58, 0.071
 - 2217.83, 0.097
 - 1898.58, 0.49
 - 1435.78, 0.77
3193.52
 P 0, 1
3242.31
 - 2307.58, 0.31
 - 1898.58, 1.18
 - 1435.78, 0.33
3257.42
 - 1898.58, 0.14
 - 1435.78, 0.28
3303.72
 P 0, 1
3338.65
 - 2445.55, 0.058
 - 2217.83, 0.06
 - 1435.78, 0.2
 - 0, 1.4
3366.8
 - 2445.55, 0.13
 - 1435.78, 0.035
 - 0, 0.49
3376.02
 - 2307.58, 0.11
 - 2217.83, 0.11
 - 1435.78, 0.34
3436.45
 - 0, 0.29
3442.41
 - 0, 0.27
3504.01
 - 1435.78, 0.2
 - 0, 0.78
3600.7
 - 1435.78, 0.11
 - 0, 0.197
3643.61
 - 2639.26, 0.21
 - 1898.58, 0.47
 - 1435.78, 0.52
 - 0, 0.56
3646.55
 - 2880.72, 0.21
 - 1435.78, 0.52
3693.62
 - 2880.72, 0.046
 - 2851.4, 0.06
3735.04
 P 0, 1
3837.87
 - 2880.72, 0.13
 - 2217.83, 0.45
 - 1435.78, 0.42
3871.96
 P 0, 1
3922.07
 - 2880.72, 0.56
 - 2307.58, 2
 - 1898.58, 1.5
 - 1435.78, 0.26
3934.16
 - 2880.72, 0.11
 - 1435.78, 0.165
4002.15
 - 1435.78, 0.08
 - 0, 0.35
4012.93
 - 1435.78, 0.27
 - 0, 0.166
4025.99
 - 1435.78, 0.134
 - 0, 0.58
4060.67
 P 0, 1
4083.4
 - 0, 0.79
4115.32
 - 3366.8, 0.13
 - 3049.78, 0.15
 - 1435.78, 0.146
 - 0, 0.48
4130.63
 - 2190.01, 0.34
4142.85
 - 0, 0.086
4157.07
 P 0, 1
4179.52
 P 0, 1
4197.99
 - 1435.78, 0.07
4242.09
 - 1435.78, 0.49
 - 0, 0.1
4262.57
 P 0, 1
4279.34
 - 2880.72, 0.27
 - 2583.07, 0.37
 - 2217.83, 0.32
 - 1435.78, 0.2
 - 0, 0.1
4292.92
 P 0, 1
4323.51
 - 3366.8, 0.13
 - 3163.06, 0.11
 - 0, 1.07
4331.52
 - 1435.78, 0.34
 - 0, 1.3
4359.44
 - 3242.31, 0.25
 - 2445.55, 0.24
 - 1435.78, 0.26
4394.82
 P 0, 1
4411.02
 P 0, 1
4421.52
 P 0, 1
4445.46
 - 0, 0.58
4463.52
 P 0, 1
4508.09
 - 2445.55, 0.32
 - 1898.58, 0.113
 - 1435.78, 0.21
4536.01
 - 3643.61, 0.058
 - 2190.01, 0.16
 - 1435.78, 0.43
 - 0, 0.392
4550.33
 P 0, 1
4564.74
 - 3643.61, 0.13
 - 2583.07, 0.16
 - 2307.58, 0.133
 - 2217.83, 0.16
 - 1435.78, 0.22
4579.81
 - 3242.31, 0.17
 - 1435.78, 0.24
4585.88
 - 1435.78, 0.14
 - 0, 0.11
4623.12
 P 0, 1
4645.67
 - 2880.72, 0.1
 - 2794.84, 0.28
 - 1435.78, 0.21
4665.69
 - 2880.72, 0.17
 - 2583.07, 0.2
 - 1435.78, 0.07
 - 0, 0.062
4677.6
 P 0, 1
4687.92
 P 0, 1
4707.41
 - 3643.61, 0.15
 - 2639.26, 0.2
 - 0, 0.171
4720.39
 P 0, 1
4743.28
 - 3242.31, 0.12
 - 2639.26, 0.22
 - 2217.83, 0.105
 - 1435.78, 0.22
4766.19
 P 0, 1
4785.18
 P 0, 1
4795.87
 - 3837.87, 0.13
 - 2217.83, 0.27
 - 1435.78, 0.112
4811.71
 P 0, 1
4855.25
 - 3934.16, 0.13
 - 2583.07, 0.058
 - 0, 0.16
4871.71
 - 3049.78, 0.28
 - 1435.78, 0.29
4897.02
 P 0, 1
4935.6
 P 0, 1
4960.52
 P 0, 1
5027.74
 - 1435.78, 0.16
5081.62
 P 0, 1
5146.01
 P 0, 1
5157.82
 P 0, 1
5199.14
 P 0, 1
5231.22
 P 0, 1
5260.95
 P 0, 1
5276.72
 P 0, 1
5317.09
 P 0, 1
5332.65
 P 0, 1
5386.93
 P 0, 1
5414.62
 P 0, 1
5425.4
 P 0, 1
5436.92
 P 0, 1
5471.32
 P 0, 1
5490.52
 P 0, 1
5525.22
 P 0, 1
5576.62
 P 0, 1
5644.82
 P 0, 1
5657.22
 P 0, 1
5697.62
 P 0, 1
5726.27
 P 0, 1
5753.22
 P 0, 1
5779.62
 P 0, 1
5789.72
 P 0, 1
5840.12
 P 0, 1
5863.61
 P 0, 1
5943.12
 P 0, 1
5993.32
 P 0, 1
6017.85
 P 0, 1
6042.15
 P 0, 1
6052.25
 P 0, 1
6075.62
 P 0, 1
6087.82
 P 0, 1
6109.02
 P 0, 1
6140.94
 P 0, 1
6182.17
 P 0, 1
6200.39
 P 0, 1
6220.82
 P 0, 1
6234.36
 P 0, 1
6247.12
 P 0, 1
6284.62
 P 0, 1
6302.12
 P 0, 1
6316
 P 0, 1
6331.29
 P 0, 1
6372.02
 P 0, 1
6469.22
 P 0, 1
6499.42
 P 0, 1
6538.22
 P 0, 1
6582.52
 P 0, 1
6610.62
 P 0, 1
6646.33
 P 0, 1
6687.52
 P 0, 1
6703.92
 P 0, 1
6724.92
 P 0, 1
6779.02
 P 0, 1
6815.62
 P 0, 1
6838.62
 P 0, 1
6910.42
 P 0, 1
6954.02
 P 0, 1
6974.72
 P 0, 1
7005.92
 P 0, 1
7050.12
 P 0, 1
7125.82
 P 0, 1
7154.82
 P 0, 1
7236.42
 P 0, 1
7326.82
 P 0, 1
7515.02
 P 0, 1
7566.82
 P 0, 1
7583.32
 P 0, 1
7595.02
 P 0, 1
8611.72
 - 5027.74, 0.34
 - 4871.71, 0.41
 - 4855.25, 0.122
 - 4795.87, 0.36
 - 4743.28, 0.18
 - 4665.69, 0.49
 - 4645.67, 0.441
 - 4585.88, 0.58
 - 4579.81, 0.31
 - 4564.74, 0.22
 - 4536.01, 0.33
 - 4508.09, 0.3
 - 4445.46, 0.741
 - 4359.44, 0.9
 - 4331.52, 0.5
 - 4323.51, 0.85
 - 4279.34, 1.3
 - 4242.09, 0.87
 - 4197.99, 0.21
 - 4142.85, 0.16
 - 4130.63, 0.054
 - 4115.32, 0.36
 - 4025.99, 0.11
 - 4012.93, 0.6
 - 4002.15, 0.33
 - 3934.16, 0.25
 - 3922.07, 1.9
 - 3837.87, 0.9
 - 3693.62, 0.105
 - 3643.61, 1.5
 - 3600.7, 0.297
 - 3504.01, 0.872
 - 3442.41, 0.19
 - 3376.02, 0.125
 - 3366.8, 0.162
 - 3338.65, 1.08
 - 3257.42, 0.08
 - 3242.31, 0.076
 - 3163.06, 0.85
 U 3085, 0.29
 - 3049.78, 0.385
 - 2991.29, 0.17
 - 2931.3, 0.13
 - 2916.84, 0.14
 - 2880.72, 9.9
 - 2794.84, 0.07
 - 2779.59, 0.09
 - 2639.26, 0.656
 - 2583.07, 1.37
 - 2445.55, 0.097
 - 2307.58, 0.038
 - 2217.83, 0.064
 - 2190.01, 0.459
 - 1435.78, 0.137
 - 0, 0.066
 U 7595.02, 0.32
 U 7595.02, 0.23
 U 7583.32, 0.42
 U 7583.32, 0.22
 U 7583.32, 0.17
 U 7566.82, 0.28
 U 7515.02, 0.22
 U 7326.82, 0.1
 U 7236.42, 0.53
 U 7236.42, 0.19
 U 7154.82, 0.82
 U 7125.82, 0.28
 U 7050.12, 0.12
 U 7005.92, 0.23
 U 6974.72, 0.37
 U 6954.02, 2.7
 U 6910.42, 0.22
 U 6910.42, 0.41
 U 6838.62, 0.19
 U 6838.62, 1.6
 U 6815.62, 0.43
 U 6779.02, 0.23
 U 6724.92, 0.089
 U 6724.92, 0.06
 U 6703.92, 0.17
 U 6687.52, 0.13
 U 6646.33, 0.075
 U 6610.62, 1
 U 6582.52, 0.15
 U 6538.22, 0.07
 U 6499.42, 0.12
 U 6499.42, 0.09
 U 6469.22, 0.16
 U 6372.02, 0.048
 U 6331.29, 0.17
 U 6316, 0.18
 U 6302.12, 0.55
 U 6284.62, 0.62
 U 6247.12, 0.114
 U 6234.36, 0.2
 U 6234.36, 0.112
 U 6220.82, 0.122
 U 6200.39, 0.102
 U 6200.39, 0.059
 U 6182.17, 0.076
 U 6182.17, 0.11
 U 6140.94, 0.22
 U 6140.94, 0.144
 U 6109.02, 0.06
 U 6109.02, 0.38
 U 6087.82, 0.04
 U 6087.82, 0.24
 U 6075.62, 0.141
 U 6075.62, 0.12
 U 6052.25, 0.101
 U 6052.25, 0.074
 U 6042.15, 0.021
 U 6017.85, 0.181
 U 5993.32, 0.3
 U 5943.12, 0.072
 U 5943.12, 0.111
 U 5863.61, 0.076
 U 5863.61, 0.146
 U 5840.12, 0.058
 U 5840.12, 0.065
 U 5789.72, 0.129
 U 5779.62, 0.169
 U 5779.62, 0.098
 U 5753.22, 0.121
 U 5726.27, 0.152
 U 5726.27, 0.071
 U 5697.62, 0.06
 U 5657.22, 0.076
 U 5644.82, 0.22
 U 5644.82, 0.097
 U 5576.62, 0.142
 U 5525.22, 0.183
 U 5490.52, 0.33
 U 5471.32, 0.22
 U 5436.92, 0.152
 U 5436.92, 0.24
 U 5425.4, 0.147
 U 5414.62, 0.087
 U 5386.93, 0.16
 U 5332.65, 0.06
 U 5317.09, 0.1
 U 5276.72, 0.18
 U 5260.95, 0.105
 U 5231.22, 0.042
 U 5199.14, 0.13
 U 5199.14, 0.35
 U 5157.82, 0.15
 U 5146.01, 0.049
 U 5081.62, 0.1
 U 4960.52, 0.32
 U 4935.6, 0.27
 U 4897.02, 0.84
 - 4871.71, 0.26
 - 4855.25, 0.56
 U 4811.71, 0.18
 - 4795.87, 0.26
 U 4785.18, 0.193
 U 4766.19, 0.089
 U 4766.19, 0.034
 U 4720.39, 0.25
 U 4687.92, 0.21
 U 4677.6, 0.068
 - 4665.69, 0.14
 U 4623.12, 0.28
 U 4623.12, 0.115
 - 4585.88, 0.4
 - 4579.81, 0.222
 U 4550.33, 0.51
 - 4508.09, 0.63
 U 4463.52, 0.08
 U 4421.52, 0.058
 U 4411.02, 0.7
 U 4411.02, 0.28
 U 4394.82, 0.32
 - 4331.52, 0.08
 U 4292.92, 0.19
 U 4262.57, 0.24
 U 4179.52, 0.4
 U 4157.07, 0.29
 - 4115.32, 0.11
 U 4060.67, 0.16
 - 4012.93, 0.29
 U 3871.96, 0.19
 U 3735.04, 0.158
 U 3735.04, 0.244
 - 3693.62, 0.128
 U 3303.72, 0.259
 U 3193.52, 0.37
 U 2895.72, 0.4
 - 2851.4, 0.35
 U 2482.3, 0.07
 U 2401.02, 0.081
 U 2124.22, 0.05
