220.969
 - 0, 36.1
268.21
 - 0, 1.38
480.55
 - 0, 17.45
587.825
 - 220.969, 3.67
 - 0, 11.82
714.19
 - 268.21, 5.93
855.04
 - 480.55, 2.52
 - 220.969, 3.03
 - 0, 2.23
874.54
 - 0, 2.12
910.33
 - 587.825, 0.26
 - 220.969, 1.51
 - 0, 4.06
979.95
 - 220.969, 0.51
 - 0, 3.64
1077.62
 P 0, 1
1134.22
 P 0, 1
1213.69
 - 587.825, 0.2
 - 0, 2.68
1225.81
 - 587.825, 0.73
 - 480.55, 0.55
 - 0, 2.28
1238.81
 - 480.55, 0.12
 - 0, 1.07
1298.62
 - 587.825, 0.81
 - 220.969, 0.33
 - 0, 0.33
1370.52
 P 0, 1
1445.6
 - 714.19, 0.2
 - 480.55, 0.1
1584.49
 - 220.969, 11.64
1609.25
 - 587.825, 0.72
 - 480.55, 0.35
 - 220.969, 0.45
 - 0, 0.39
1670.61
 - 714.19, 1.74
1719.46
 - 979.95, 0.18
 - 855.04, 0.24
 - 480.55, 1.07
 - 0, 0.66
1787.36
 - 714.19, 0.88
1964.85
 - 1225.81, 0.18
 - 910.33, 0.52
 - 874.54, 0.31
 - 0, 0.38
1991.13
 - 587.825, 0.4
 - 480.55, 0.42
1997.55
 - 1584.49, 0.8
 - 855.04, 0.38
 - 220.969, 1.11
2077.18
 - 587.825, 0.6
 - 220.969, 1.64
 - 0, 1.42
2149.2
 P 0, 1
2201.52
 P 0, 1
2396.6
 - 480.55, 0.4
 - 0, 0.18
2447.77
 - 979.95, 0.29
 - 855.04, 0.1
 - 587.825, 0.46
 - 220.969, 0.54
 - 0, 3.52
2519.32
 P 0, 1
2548.82
 P 0, 1
2579.2
 - 480.55, 1.03
 - 0, 0.28
2641.82
 P 0, 1
2658.5
 - 480.55, 0.28
 - 0, 1.14
2687.96
 - 220.969, 0.56
 - 0, 0.36
2710.74
 - 1609.25, 0.47
 - 220.969, 0.48
 - 0, 0.49
2730.03
 - 1609.25, 0.34
 - 587.825, 0.91
 - 220.969, 0.26
 - 0, 2.57
2793.02
 P 0, 1
2839.22
 P 0, 1
2857.42
 P 0, 1
2873
 - 220.969, 1.28
 - 0, 1.29
2888.1
 - 0, 0.23
2897.1
 - 587.825, 0.2
 - 480.55, 0.18
2908.72
 P 0, 1
2949.02
 P 0, 1
2973.22
 P 0, 1
2989.42
 P 0, 1
3068.32
 P 0, 1
3085.81
 - 1670.61, 0.45
 - 220.969, 0.84
 - 0, 0.36
3092.68
 - 1991.13, 0.47
 - 220.969, 1.29
 - 0, 0.52
3118.32
 P 0, 1
3154.1
 - 587.825, 0.68
 - 0, 0.1
3169.2
 - 1670.61, 0.6
 - 0, 0.41
3294
 - 855.04, 0.27
 - 0, 0.76
3348.42
 P 0, 1
3372.02
 P 0, 1
3419.82
 P 0, 1
3429.92
 P 0, 1
3510.3
 - 2579.2, 0.4
 - 0, 0.22
3525.12
 P 0, 1
3545.42
 P 0, 1
3578.32
 P 0, 1
3599.42
 P 0, 1
3621.52
 P 0, 1
3632.5
 - 220.969, 0.24
3651.32
 P 0, 1
3677.72
 P 0, 1
3786
 - 1609.25, 0.28
 - 587.825, 0.43
3863.02
 P 0, 1
3882.32
 P 0, 1
3929.7
 P 0, 1
3963.82
 P 0, 1
3981.72
 P 0, 1
4001.32
 P 0, 1
4072.3
 P 0, 1
4125.92
 P 0, 1
4140.42
 P 0, 1
4217.92
 P 0, 1
4233.92
 P 0, 1
4247.72
 P 0, 1
4333.82
 P 0, 1
4350.42
 P 0, 1
4413.82
 P 0, 1
4452.22
 P 0, 1
4511.12
 P 0, 1
4549.42
 P 0, 1
4689.22
 P 0, 1
4704.82
 P 0, 1
4732.12
 P 0, 1
4773.42
 P 0, 1
5010.82
 P 0, 1
5035.52
 P 0, 1
5098.82
 P 0, 1
5358.12
 P 0, 1
5400.3
 P 0, 1
5413.92
 P 0, 1
5428.02
 P 0, 1
5499.72
 P 0, 1
5529.12
 P 0, 1
5545.82
 P 0, 1
5626.02
 P 0, 1
5650.02
 P 0, 1
5812.52
 P 0, 1
5904.72
 P 0, 1
6971.82
 U 4072.3, 0.41
 U 3929.7, 0.69
 - 3786, 0.18
 - 3632.5, 0.14
 - 3510.3, 0.73
 - 3294, 0.42
 - 3169.2, 0.35
 - 3154.1, 1.53
 - 3092.68, 0.66
 - 3085.81, 0.86
 - 2897.1, 1.16
 - 2888.1, 0.39
 - 2873, 1.03
 - 2730.03, 2.89
 - 2710.74, 0.79
 - 2687.96, 0.82
 - 2658.5, 1.08
 - 2579.2, 0.55
 - 2447.77, 3.51
 - 2396.6, 0.22
 - 2077.18, 2.39
 - 1997.55, 0.93
 - 1964.85, 0.46
 - 1719.46, 0.71
 - 1670.61, 1.49
 - 1609.25, 0.33
 - 1584.49, 5.8
 - 1298.62, 0.37
 - 1225.81, 0.23
 - 587.825, 0.42
 - 0, 0.93
 U 5904.72, 0.39
 U 5812.52, 0.27
 U 5650.02, 0.34
 U 5626.02, 0.37
 U 5545.82, 0.39
 U 5529.12, 0.25
 U 5499.72, 0.23
 U 5428.02, 0.41
 U 5413.92, 0.21
 U 5400.3, 0.65
 U 5098.82, 0.58
 U 5098.82, 0.43
 U 5035.52, 0.63
 U 4732.12, 0.51
 U 4704.82, 0.32
 U 4689.22, 0.37
 U 4689.22, 0.26
 U 4549.42, 0.19
 U 4511.12, 0.24
 U 4452.22, 0.39
 U 4413.82, 0.18
 U 4350.42, 0.85
 U 4333.82, 0.38
 U 4247.72, 0.36
 U 4233.92, 0.19
 U 4217.92, 0.17
 U 4140.42, 0.16
 U 4125.92, 0.27
 U 4001.32, 0.24
 U 3981.72, 0.31
 U 3963.82, 0.55
 U 3963.82, 0.19
 U 3863.02, 0.87
 U 3651.32, 0.81
 - 3632.5, 0.56
 U 3621.52, 0.17
 U 3578.32, 0.11
 U 3545.42, 0.21
 U 3525.12, 0.34
 U 3525.12, 0.25
 U 3429.92, 0.16
 U 3419.82, 0.19
 U 3348.42, 0.27
 U 3118.32, 3.6
 U 3068.32, 0.26
 U 2989.42, 0.31
 U 2949.02, 0.24
 U 2857.42, 0.17
 U 2839.22, 0.18
 U 2793.02, 0.32
 U 2641.82, 0.17
 U 2149.2, 0.35
