818.54
 - 0, 81.5
1551.01
 - 818.54, 7.9
 - 0, 9.7
1578.57
 - 818.54, 1.7
 - 0, 0.023
1866.8
 - 818.54, 9.9
2053.78
 - 818.54, 5.2
2080
 - 818.54, 36.4
 - 0, 2.89
2128.83
 - 818.54, 3.3
 - 0, 4.45
2153.55
 - 0, 0.81
2222.44
 - 1551.01, 1.47
 - 818.54, 2
2355.1
 - 818.54, 1.9
2399.98
 - 818.54, 3.72
2430.47
 P 0, 1
2485.27
 - 818.54, 2.2
 - 0, 1.35
2532.54
 - 1551.01, 1.3
 - 818.54, 2.9
2640.74
 P 0, 1
2661.36
 - 818.54, 2.2
2693.53
 - 818.54, 1.04
 - 0, 0.68
2773.51
 - 0, 0.48
2811.72
 - 818.54, 0.8
2995.34
 P 0, 1
3021.44
 - 1578.57, 1.1
 - 818.54, 1.1
3044.9
 - 0, 1.3
3116.19
 - 0, 0.8
3370.8
 - 0, 0.51
3435.57
 - 0, 2
3506.21
 - 1551.01, 1.2
3691.93
 - 818.54, 0.95
3767.41
 - 3021.44, 1.4
 - 2532.54, 1.63
3794.88
 - 1551.01, 0.5
 - 818.54, 6.99
 - 0, 0.21
3863.47
 - 0, 0.33
3925.45
 - 3767.41, 2.2
 - 3044.9, 0.49
 - 2128.83, 1
3965.51
 - 0, 1.07
3980.36
 - 0, 0.56
3992.58
 - 1551.01, 0.56
4008.2
 - 1578.57, 0.33
4115.68
 P 0, 1
4137.36
 - 0, 0.61
4182.61
 P 0, 1
4379.09
 P 0, 1
4599.1
 P 0, 1
4683.23
 P 0, 1
4788.94
 P 0, 1
5369.52
 P 0, 1
6418.54
 P 0, 1
6733.58
 P 0, 1
6966.39
 P 0, 1
7024.43
 P 0, 1
7285.84
 P 0, 1
7494.01
 P 0, 1
8096.74
 P 0, 1
9107.74
 - 3980.36, 0.34
 - 3965.51, 0.48
 - 3794.88, 3.1
 - 3767.41, 0.45
 - 3435.57, 0.657
 - 3116.19, 0.16
 - 3044.9, 1.98
 - 3021.44, 0.37
 U 2995.34, 0.085
 - 2811.72, 0.083
 - 2773.51, 0.091
 - 2693.53, 0.101
 - 2661.36, 0.341
 U 2640.74, 0.285
 - 2532.54, 0.581
 U 2430.47, 0.172
 - 2399.98, 0.42
 - 2222.44, 0.208
 - 2128.83, 0.21
 - 2080, 0.594
 - 2053.78, 0.1
 - 1578.57, 0.105
 - 1551.01, 0.452
 - 818.54, 1.34
 - 0, 2.44
 U 7494.01, 6.7
 U 7285.84, 2.2
 U 7024.43, 0.96
 U 6966.39, 0.74
 U 6733.58, 0.56
 U 6418.54, 1.26
 U 5369.52, 1.36
 U 4788.94, 0.49
 U 4683.23, 1.1
 U 4599.1, 1.14
 U 4379.09, 0.48
 U 4182.61, 0.76
 U 4115.68, 0.13
