283.5
 - 0, 74.1
661.49
 - 0, 1.36
1251.74
 - 0, 0.75
1293.88
 - 0, 1.38
1463.93
 - 0, 1.77
1481.83
 - 283.5, 1.3
 - 0, 1.56
1797.99
 - 661.49, 1
1838.12
 - 0, 0.79
1897.95
 - 283.5, 0.78
1907.52
 - 283.5, 0.74
 - 0, 0.66
2041.2
 - 0, 0.37
2182.21
 - 1797.99, 0.46
 - 283.5, 55.9
 - 0, 1.38
2271.1
 P 0, 1
2355.6
 - 283.5, 0.58
 - 0, 0.3
2616.91
 P 0, 1
2662.69
 - 2182.21, 6.41
 - 1907.52, 0.39
 - 1897.95, 0.1
 - 283.5, 5.13
 - 0, 7.36
2739.51
 P 0, 1
2755.41
 P 0, 1
2771.91
 P 0, 1
2821.91
 P 0, 1
2873.9
 - 1797.99, 0.33
2905.91
 P 0, 1
2927.21
 P 0, 1
2964.3
 - 1907.52, 0.07
 - 0, 0.73
3085.61
 - 283.5, 0.21
 - 0, 0.11
3127.33
 - 2182.21, 0.15
 - 283.5, 0.72
 - 0, 1.29
3221.6
 - 0, 0.14
3250.51
 P 0, 1
3316.25
 - 3085.61, 0.44
 - 2182.21, 0.14
 - 1897.95, 0.17
 - 283.5, 1.86
 - 0, 0.1
3367.25
 P 0, 1
3378.11
 P 0, 1
3402.67
 - 2182.21, 0.13
 - 1293.88, 0.27
 - 283.5, 2.36
 - 0, 0.13
3417.01
 P 0, 1
3440.81
 P 0, 1
3606.9
 - 0, 0.16
3664.21
 P 0, 1
3680.68
 - 1897.95, 0.16
 - 1481.83, 0.21
 - 283.5, 1.19
 - 0, 0.14
3720.8
 - 2662.69, 0.07
 - 283.5, 0.21
 - 0, 0.18
3799.01
 U 2271.1, 0.38
 - 283.5, 0.55
 - 0, 0.37
3812.21
 P 0, 1
3850.3
 - 283.5, 0.11
3851.9
 - 0, 0.13
3963.2
 - 0, 0.2
3976.82
 - 0, 0.24
4001.21
 P 0, 1
4114.11
 P 0, 1
4150.03
 - 3402.67, 0.13
 - 1293.88, 0.18
 - 283.5, 0.17
 - 0, 0.27
4184.11
 P 0, 1
4206.6
 - 0, 0.2
4216.03
 - 2662.69, 0.6
 - 0, 0.18
4230.21
 P 0, 1
4550.4
 - 1463.93, 0.23
 - 283.5, 0.27
4562.21
 P 0, 1
4595.05
 - 3799.01, 0.1
 - 283.5, 0.18
 - 0, 0.23
4662.21
 P 0, 1
4716.71
 P 0, 1
4764.9
 - 1907.52, 0.14
 - 283.5, 0.17
5098.91
 P 0, 1
5199.91
 P 0, 1
5433.21
 P 0, 1
5506.21
 P 0, 1
5621.11
 P 0, 1
5871.81
 P 0, 1
6905.71
 - 4764.9, 0.38
 - 4595.05, 0.76
 - 4550.4, 0.27
 - 4216.03, 0.41
 - 4206.6, 0.77
 - 4150.03, 1.37
 - 3976.82, 0.99
 - 3963.2, 0.24
 - 3851.9, 0.13
 - 3850.3, 0.09
 - 3799.01, 0.99
 - 3720.8, 0.38
 - 3680.68, 1.7
 - 3606.9, 0.16
 - 3402.67, 2.29
 - 3316.25, 2.79
 - 3221.6, 0.44
 - 3127.33, 1.55
 - 3085.61, 0.56
 - 2964.3, 0.41
 - 2662.69, 15.9
 - 2355.6, 0.08
 - 2182.21, 48.3
 - 1907.52, 0.32
 - 1897.95, 0.47
 - 283.5, 3.79
 - 0, 0.19
 U 5871.81, 0.17
 U 5621.11, 0.19
 U 5506.21, 0.12
 U 5433.21, 0.3
 U 5199.91, 0.34
 U 5098.91, 0.24
 - 4764.9, 0.3
 U 4716.71, 0.39
 U 4662.21, 0.16
 U 4562.21, 0.23
 U 4230.21, 0.18
 U 4184.11, 0.46
 U 4114.11, 0.25
 U 4001.21, 0.44
 - 3976.82, 0.28
 U 3812.21, 0.24
 U 3664.21, 0.16
 U 3440.81, 0.21
 U 3417.01, 0.38
 U 3378.11, 0.31
 U 3367.25, 1.09
 U 3367.25, 0.22
 U 3250.51, 0.11
 - 3127.33, 0.7
 - 3085.61, 0.38
 U 2927.21, 0.43
 U 2905.91, 0.58
 U 2821.91, 0.39
 U 2771.91, 0.26
 U 2755.41, 0.27
 U 2739.51, 0.29
 U 2616.91, 0.23
