160.4
 - 0, 173
434
 - 0, 248
514.1
 - 160.4, 74
 - 0, 174
763
 - 434, 26
 - 160.4, 58
 - 0, 37.4
825.7
 - 160.4, 50.4
 - 0, 59
836.9
 - 434, 3.9
 - 0, 35.9
866.6
 - 160.4, 7
 - 0, 70.1
1105.2
 - 514.1, 15
 - 0, 35
1179.3
 - 763, 108
 - 514.1, 50.4
 - 160.4, 7.8
1259.7
 - 434, 59
1270.9
 - 160.4, 64.4
 - 0, 12
1435.3
 - 514.1, 5.6
1475.8
 - 763, 29.8
1577.2
 P 0, 1
1602.7
 - 514.1, 39
1715.2
 P 0, 1
1886.9
 - 0, 8.6
1951.7
 - 514.1, 12.6
2135.8
 P 0, 1
2142.7
 P 0, 1
2277.4
 P 0, 1
2293.5
 P 0, 1
2454.1
 P 0, 1
2565.5
 P 0, 1
4979.7
 P 0, 1
5089.3
 P 0, 1
5161.3
 P 0, 1
5300
 P 0, 1
5420.3
 P 0, 1
5440.3
 P 0, 1
5585.3
 P 0, 1
5608.6
 P 0, 1
5680.6
 P 0, 1
5789.3
 P 0, 1
5853.4
 P 0, 1
5953.1
 P 0, 1
6133.7
 P 0, 1
6165.8
 P 0, 1
6234.6
 P 0, 1
6261.3
 P 0, 1
6353.8
 P 0, 1
6416.2
 P 0, 1
7480.7
 U 2565.5, 0.11
 U 2454.1, 0.18
 U 2293.5, 0.51
 U 2277.4, 0.49
 U 2142.7, 0.24
 U 2135.8, 0.07
 U 1715.2, 0.07
 - 1602.7, 0.06
 U 1577.2, 0.36
 - 1270.9, 0.25
 - 1105.2, 0.08
 - 825.7, 0.17
 - 160.4, 0.97
 - 0, 0.5
 U 6416.2, 17
 U 6353.8, 4.1
 U 6261.3, 4.2
 U 6234.6, 3.8
 U 6165.8, 4.1
 U 6133.7, 11.7
 U 5953.1, 5.9
 U 5853.4, 7.4
 U 5789.3, 5.8
 U 5680.6, 7.5
 U 5608.6, 4.5
 U 5585.3, 5.4
 U 5440.3, 6
 U 5420.3, 8.4
 U 5300, 26.8
 U 5161.3, 5.2
 U 5089.3, 13.5
 U 4979.7, 11.5
 U 4979.7, 7.1
