662
 - 0, 34.5
1137
 - 662, 10.005
1497.3
 - 662, 0.138
 - 0, 0.966
1808.7
 - 1137, 0.483
 - 662, 1.0005
 - 0, 0.5865
1994
 - 662, 0.6555
2189.6
 - 1137, 0.621
 - 662, 0.483
2336.3
 - 1497.3, 0.207
 - 662, 0.1725
2410.8
 - 1808.7, 0.1035
 - 1137, 0.1035
 - 662, 1.173
2425.6
 - 1808.7, 0.138
 - 1137, 0.828
 - 662, 0.2415
2522.9
 - 1137, 0.6555
2913.6
 P 0, 1
3470.8
 P 0, 1
3517.8
 P 0, 1
3654.5
 P 0, 1
5428.6
 - 2522.9, 1.035
 - 2425.6, 1.3455
 - 2410.8, 1.6215
 - 2336.3, 0.966
 - 2189.6, 0.9315
 - 1994, 0.69
 - 1808.7, 1.38
 - 1137, 7.6245
 - 662, 16.56
 U 3654.5, 0.2415
 U 3517.8, 0.276
 U 3470.8, 0.345
 U 2913.6, 0.207
