18.4
 P 0, 1
42.4
 P 0, 1
632.5
 - 0, 0.3
808.2
 U 42.4, 47.2
 U 18.4, 16.1
 - 0, 34.2
862.1
 - 0, 14.8
1154.1
 - 808.2, 0.1
 U 18.4, 2.1
 - 0, 8.8
1165.2
 U 42.4, 0.4
 U 18.4, 1.5
 - 0, 0.6
1172.5
 U 42.4, 1.5
 - 0, 2
1572.4
 U 42.4, 0.8
 - 0, 5.7
1620.5
 - 632.5, 0.5
 U 42.4, 1.1
 - 0, 0.8
1628.7
 - 808.2, 0.2
 U 42.4, 0.3
 - 0, 1.1
1835.2
 - 862.1, 1.7
 - 808.2, 1.3
 - 0, 1.1
1913.4
 - 1172.5, 0.8
 - 808.2, 1.5
 - 0, 1.5
1945.4
 U 42.4, 0.9
 U 18.4, 0.3
1993.3
 - 1172.5, 0.2
 - 808.2, 0.4
 U 42.4, 3.4
 - 0, 0.6
2027.4
 - 862.1, 0.6
 - 0, 1.6
2061.5
 - 1572.4, 0.7
 U 42.4, 3.2
 U 18.4, 0.7
 - 0, 1.3
2202
 - 0, 1.1
2215.9
 U 42.4, 0.7
2232.1
 U 42.4, 0.8
 - 0, 0.2
2272.7
 - 1154.1, 0.2
 U 42.4, 0.2
 - 0, 0.2
2313.9
 - 1572.4, 0.8
 - 808.2, 0.6
 - 632.5, 0.8
 U 42.4, 0.2
2488.6
 - 1572.4, 0.5
 U 42.4, 0.6
2537.3
 - 862.1, 0.3
 U 42.4, 0.5
 - 0, 1.3
2548.3
 P 0, 1
2576.7
 P 0, 1
2691.6
 P 0, 1
2711.2
 P 0, 1
2839.3
 P 0, 1
2868.8
 P 0, 1
2900.7
 P 0, 1
3222.2
 P 0, 1
3261.4
 P 0, 1
3301.6
 P 0, 1
3362.7
 P 0, 1
3396.1
 P 0, 1
3408
 P 0, 1
3481.9
 P 0, 1
3493.9
 P 0, 1
3587.2
 P 0, 1
3598.6
 P 0, 1
3629.5
 P 0, 1
3710.6
 P 0, 1
3797.6
 P 0, 1
3866.5
 P 0, 1
3885.4
 P 0, 1
3927.2
 P 0, 1
4050.9
 P 0, 1
4097.5
 P 0, 1
5144.8
 - 2537.3, 1.1
 - 2488.6, 1.1
 - 2313.9, 0.9
 - 2272.7, 1.4
 - 2232.1, 1.7
 U 2215.9, 0.8
 - 2202, 0.8
 - 2061.5, 5.1
 - 2027.4, 1.2
 - 1993.3, 3.8
 U 1945.4, 2.6
 - 1913.4, 4.1
 - 1835.2, 3.2
 - 1628.7, 2.9
 - 1620.5, 2.9
 - 1572.4, 4.3
 - 1172.5, 0.7
 - 1154.1, 7.2
 - 862.1, 9.8
 - 808.2, 100
 - 632.5, 0.43
 - 0, 0.28
 U 4097.5, 0.3
 U 4050.9, 0.9
 U 3927.2, 0.9
 U 3885.4, 1.4
 U 3866.5, 0.5
 U 3797.6, 1
 U 3710.6, 0.7
 U 3629.5, 0.2
 U 3629.5, 0.4
 U 3598.6, 0.3
 U 3587.2, 0.4
 U 3493.9, 1.3
 U 3481.9, 0.6
 U 3408, 0.4
 U 3396.1, 0.8
 U 3396.1, 0.6
 U 3362.7, 0.6
 U 3301.6, 0.9
 U 3261.4, 0.3
 U 3222.2, 0.8
 U 2900.7, 0.5
 U 2868.8, 0.3
 U 2839.3, 0.4
 U 2711.2, 0.2
 U 2691.6, 0.6
 U 2576.7, 0.6
 U 2548.3, 0.7
