3.6815
 P 0, 1
17.7399
 P 0, 1
63.7446
 U 3.6815, 0.8
72.2932
 U 17.7399, 0.2
 U 3.6815, 0.9
84.998
 - 0, 1.4
89.7507
 P 0, 1
128.25
 U 72.2932, 0.13
 U 63.7446, 0.8
 U 3.6815, 0.27
144.586
 U 17.7399, 2.8
 U 3.6815, 4.1
176.863
 U 144.586, 0.5
 U 72.2932, 0.35
 U 17.7399, 0.059
 - 0, 9.7
200.525
 - 84.998, 0.41
 U 17.7399, 3.8
 - 0, 0.34
358.09
 U 89.7507, 0.15
631.498
 P 0, 1
636.96
 - 176.863, 0.95
 U 128.25, 1.5
 U 63.7446, 1.1
 U 17.7399, 2
 U 3.6815, 1.3
702.32
 U 144.586, 1.4
 U 72.2932, 1.5
 U 17.7399, 0.9
 U 3.6815, 2
705.12
 - 176.863, 0.43
 U 144.586, 1.1
746.94
 - 200.525, 1.6
 - 176.863, 1
 U 17.7399, 0.9
 - 0, 1.8
790.33
 - 636.96, 0.11
 U 144.586, 3.4
 - 84.998, 0.7
 U 72.2932, 0.5
 U 17.7399, 0.4
 - 0, 0.6
822.8
 - 636.96, 0.16
 - 84.998, 0.6
 U 72.2932, 0.2
 U 17.7399, 0.5
 - 0, 0.4
889.983
 P 0, 1
978.15
 - 790.33, 0.44
 - 746.94, 0.13
 - 176.863, 0.9
 - 84.998, 1
 U 3.6815, 0.7
1041.82
 - 790.33, 0.16
 - 746.94, 0.27
 - 176.863, 1.3
 - 84.998, 1.4
 U 17.7399, 0.3
1072.34
 P 0, 1
1111.79
 P 0, 1
1114.61
 P 0, 1
1120.19
 - 705.12, 0.09
 U 144.586, 0.7
 U 128.25, 1.6
 U 17.7399, 0.7
1150.93
 - 790.33, 0.28
 - 746.94, 0.32
 - 176.863, 0.7
 U 144.586, 2.1
 - 0, 2.3
1157.34
 P 0, 1
1158.81
 P 0, 1
1175.92
 P 0, 1
1182.39
 P 0, 1
1250.8
 P 0, 1
1263.44
 P 0, 1
1290.52
 P 0, 1
1346.64
 P 0, 1
1381.5
 P 0, 1
1393.82
 P 0, 1
1402.54
 P 0, 1
1460.12
 P 0, 1
1466.42
 P 0, 1
1470.55
 P 0, 1
1495.46
 P 0, 1
1499.38
 P 0, 1
1511.84
 P 0, 1
1517.59
 P 0, 1
1527.38
 P 0, 1
1538.46
 P 0, 1
1540.43
 P 0, 1
1564.08
 P 0, 1
1566.54
 P 0, 1
1590.95
 P 0, 1
1599.22
 P 0, 1
1616.3
 P 0, 1
1622.81
 P 0, 1
1639.88
 P 0, 1
1650.28
 P 0, 1
1666.09
 P 0, 1
1679.2
 P 0, 1
1683.58
 P 0, 1
1693.16
 P 0, 1
1709.05
 P 0, 1
1722.32
 P 0, 1
1733.59
 P 0, 1
1747.43
 P 0, 1
1752.94
 P 0, 1
1758.7
 P 0, 1
1764.38
 P 0, 1
1769.23
 P 0, 1
1785.03
 P 0, 1
1793.17
 P 0, 1
1798.23
 P 0, 1
1807.11
 P 0, 1
1813.71
 P 0, 1
1824.05
 P 0, 1
1826.46
 P 0, 1
1830.88
 P 0, 1
1842.11
 P 0, 1
1875.58
 P 0, 1
1880.31
 P 0, 1
1883.53
 P 0, 1
1895.99
 P 0, 1
1901.9
 P 0, 1
1913.93
 P 0, 1
1920.02
 P 0, 1
1922.77
 P 0, 1
1927.93
 P 0, 1
1932.01
 P 0, 1
1940.6
 P 0, 1
1950.47
 P 0, 1
1953.72
 P 0, 1
1959.1
 P 0, 1
1969.18
 P 0, 1
1971.4
 P 0, 1
1974.66
 P 0, 1
1980.23
 P 0, 1
1984.88
 P 0, 1
1993.29
 P 0, 1
2012.81
 P 0, 1
2017.43
 P 0, 1
2022.67
 P 0, 1
2028.12
 P 0, 1
2031.4
 P 0, 1
2037.1
 P 0, 1
2043.06
 P 0, 1
2048.01
 P 0, 1
2052.73
 P 0, 1
2058
 P 0, 1
2060.78
 P 0, 1
2066.64
 P 0, 1
2071.21
 P 0, 1
2074.75
 P 0, 1
2080.84
 P 0, 1
2092.21
 P 0, 1
2096.63
 P 0, 1
2100.64
 P 0, 1
2106.94
 P 0, 1
2115.07
 P 0, 1
2126.83
 P 0, 1
2129.37
 P 0, 1
2133.46
 P 0, 1
2141.57
 P 0, 1
2148.2
 P 0, 1
2151.45
 P 0, 1
2152.83
 P 0, 1
2164.74
 P 0, 1
2167.62
 P 0, 1
2178.75
 P 0, 1
2183.27
 P 0, 1
2184.96
 P 0, 1
2188.63
 P 0, 1
2191.37
 P 0, 1
2192.9
 P 0, 1
2197.28
 P 0, 1
2200.58
 P 0, 1
2212.25
 P 0, 1
2213.91
 P 0, 1
2223.09
 P 0, 1
2227.85
 P 0, 1
2232.51
 P 0, 1
2240.59
 P 0, 1
2243.96
 P 0, 1
2252.07
 P 0, 1
2255.26
 P 0, 1
2260.63
 P 0, 1
2268.28
 P 0, 1
2274.06
 P 0, 1
2277.04
 P 0, 1
2278.18
 P 0, 1
2279.88
 P 0, 1
2286.26
 P 0, 1
2293.4
 P 0, 1
2307.78
 P 0, 1
2310.27
 P 0, 1
2316.06
 P 0, 1
2320.46
 P 0, 1
2328.69
 P 0, 1
2334.35
 P 0, 1
2352.28
 P 0, 1
2365.66
 P 0, 1
2378.6
 P 0, 1
2389.41
 P 0, 1
2401.32
 P 0, 1
2412.56
 P 0, 1
2424.56
 P 0, 1
2434.63
 P 0, 1
2447.58
 P 0, 1
2457.95
 P 0, 1
2467.96
 P 0, 1
2483.78
 P 0, 1
2494.48
 P 0, 1
2504.65
 P 0, 1
2515.74
 P 0, 1
2531.56
 P 0, 1
2542.58
 P 0, 1
2554.37
 P 0, 1
2565.88
 P 0, 1
2576.25
 P 0, 1
2590.24
 P 0, 1
2604.24
 P 0, 1
2616.17
 P 0, 1
2627.49
 P 0, 1
2639.1
 P 0, 1
2649.61
 P 0, 1
2659.88
 P 0, 1
2680.38
 P 0, 1
2692.51
 P 0, 1
2705.89
 P 0, 1
2718.25
 P 0, 1
2730.5
 P 0, 1
2744.98
 P 0, 1
2757.47
 P 0, 1
2767.78
 P 0, 1
2779.96
 P 0, 1
2790.7
 P 0, 1
2803.14
 P 0, 1
2816.4
 P 0, 1
2833.3
 P 0, 1
2845.9
 P 0, 1
2856.41
 P 0, 1
2870.18
 P 0, 1
2884.2
 P 0, 1
2899.53
 P 0, 1
2909.58
 P 0, 1
2925.76
 P 0, 1
2939.81
 P 0, 1
2952.38
 P 0, 1
2967.7
 P 0, 1
2977.79
 P 0, 1
2991.3
 P 0, 1
3001.37
 P 0, 1
3013.01
 P 0, 1
3047.17
 P 0, 1
3058.77
 P 0, 1
3071.34
 P 0, 1
3082.35
 P 0, 1
3096.34
 P 0, 1
3107.03
 P 0, 1
3119.64
 P 0, 1
3132.17
 P 0, 1
3142.35
 P 0, 1
3154.13
 P 0, 1
3164.85
 P 0, 1
3179.59
 P 0, 1
3193.69
 P 0, 1
3206.98
 P 0, 1
3217.9
 P 0, 1
3229.47
 P 0, 1
3240.95
 P 0, 1
3251.15
 P 0, 1
3267.06
 P 0, 1
3278.42
 P 0, 1
3290.11
 P 0, 1
3302.67
 P 0, 1
3313.15
 P 0, 1
3324.71
 P 0, 1
3336.5
 P 0, 1
3348.32
 P 0, 1
3360.81
 P 0, 1
3373.95
 P 0, 1
3385
 P 0, 1
3398.38
 P 0, 1
3409.13
 P 0, 1
3419.28
 P 0, 1
3432.53
 P 0, 1
3446.46
 P 0, 1
3456.68
 P 0, 1
3471.41
 P 0, 1
3486.78
 P 0, 1
3500.83
 P 0, 1
3512.57
 P 0, 1
3558.14
 P 0, 1
3585.54
 P 0, 1
3598.54
 P 0, 1
3899.84
 P 0, 1
3953.34
 P 0, 1
4046.54
 P 0, 1
4140.34
 P 0, 1
4159.34
 P 0, 1
4265.44
 P 0, 1
4375.74
 P 0, 1
4393.14
 P 0, 1
4430.04
 P 0, 1
4511.34
 P 0, 1
4524.84
 P 0, 1
4569.64
 P 0, 1
4594.64
 P 0, 1
4611.94
 P 0, 1
4625.04
 P 0, 1
4665.24
 P 0, 1
4685.44
 P 0, 1
4712.04
 P 0, 1
4735.24
 P 0, 1
5843.14
 U 2334.35, 0.045
 U 2328.69, 0.014
 U 2320.46, 0.081
 U 2316.06, 0.045
 U 2310.27, 0.207
 U 2307.78, 0.311
 U 2293.4, 0.338
 U 2286.26, 0.143
 U 2279.88, 0.11
 U 2278.18, 0.037
 U 2277.04, 0.025
 U 2274.06, 0.041
 U 2268.28, 0.018
 U 2260.63, 0.218
 U 2255.26, 0.136
 U 2252.07, 0.097
 U 2243.96, 0.128
 U 2240.59, 0.59
 U 2232.51, 0.033
 U 2227.85, 0.024
 U 2223.09, 0.14
 U 2213.91, 0.091
 U 2212.25, 0.115
 U 2200.58, 0.072
 U 2197.28, 0.194
 U 2192.9, 0.54
 U 2191.37, 0.116
 U 2188.63, 0.505
 U 2184.96, 0.015
 U 2183.27, 0.088
 U 2178.75, 0.216
 U 2167.62, 0.024
 U 2164.74, 0.242
 U 2152.83, 0.119
 U 2151.45, 0.013
 U 2148.2, 0.012
 U 2141.57, 0.033
 U 2133.46, 0.067
 U 2129.37, 0.457
 U 2126.83, 0.01
 U 2115.07, 0.03
 U 2106.94, 0.015
 U 2100.64, 0.182
 U 2096.63, 0.011
 U 2092.21, 0.034
 U 2080.84, 0.168
 U 2074.75, 0.022
 U 2071.21, 0.23
 U 2066.64, 0.107
 U 2060.78, 0.1
 U 2058, 0.038
 U 2052.73, 1.41
 U 2048.01, 0.048
 U 2043.06, 0.193
 U 2037.1, 0.01
 U 2031.4, 0.253
 U 2028.12, 0.014
 U 2022.67, 0.068
 U 2017.43, 0.12
 U 2012.81, 0.047
 U 1993.29, 0.023
 U 1984.88, 0.066
 U 1980.23, 0.167
 U 1974.66, 0.012
 U 1971.4, 0.112
 U 1969.18, 0.011
 U 1959.1, 0.068
 U 1953.72, 0.053
 U 1950.47, 0.332
 U 1940.6, 0.108
 U 1932.01, 0.409
 U 1927.93, 0.025
 U 1922.77, 0.049
 U 1920.02, 0.233
 U 1913.93, 0.072
 U 1901.9, 0.132
 U 1895.99, 0.188
 U 1883.53, 0.012
 U 1880.31, 0.049
 U 1875.58, 0.015
 U 1842.11, 0.177
 U 1830.88, 0.239
 U 1826.46, 0.057
 U 1824.05, 0.025
 U 1813.71, 0.118
 U 1807.11, 0.022
 U 1798.23, 0.016
 U 1793.17, 0.092
 U 1785.03, 0.151
 U 1769.23, 0.09
 U 1764.38, 0.015
 U 1758.7, 0.013
 U 1752.94, 0.167
 U 1747.43, 0.065
 U 1733.59, 0.062
 U 1722.32, 0.111
 U 1709.05, 0.37
 U 1693.16, 0.04
 U 1683.58, 0.036
 U 1679.2, 0.327
 U 1666.09, 0.391
 U 1650.28, 0.066
 U 1639.88, 0.061
 U 1622.81, 0.066
 U 1616.3, 0.031
 U 1599.22, 0.019
 U 1590.95, 0.342
 U 1566.54, 0.418
 U 1564.08, 0.05
 U 1540.43, 0.01
 U 1538.46, 0.04
 U 1527.38, 0.084
 U 1517.59, 0.115
 U 1511.84, 0.022
 U 1499.38, 0.038
 U 1495.46, 0.135
 U 1470.55, 0.275
 U 1466.42, 0.045
 U 1460.12, 0.022
 U 1402.54, 0.223
 U 1393.82, 0.185
 U 1381.5, 0.033
 U 1346.64, 0.93
 U 1290.52, 0.058
 U 1263.44, 0.087
 U 1250.8, 0.192
 U 1182.39, 0.075
 U 1175.92, 0.043
 U 1158.81, 0.013
 U 1157.34, 0.018
 - 1150.93, 2.92
 - 1120.19, 0.95
 U 1114.61, 0.01
 U 1111.79, 0.129
 U 1072.34, 0.04
 - 1041.82, 1.45
 - 978.15, 0.125
 - 822.8, 0.171
 - 790.33, 0.334
 - 746.94, 2
 - 705.12, 0.86
 U 702.32, 2.79
 - 636.96, 0.319
 - 200.525, 0.03
 - 176.863, 3.87
 U 144.586, 0.1
 - 84.998, 0.031
 U 72.2932, 0.367
 U 17.7399, 0.435
 - 0, 1.55
 U 4735.24, 1.3
 U 4712.04, 0.6
 U 4712.04, 0.7
 U 4685.44, 0.9
 U 4685.44, 1
 U 4665.24, 0.57
 U 4625.04, 0.38
 U 4611.94, 0.58
 U 4594.64, 0.31
 U 4569.64, 0.47
 U 4524.84, 0.7
 U 4524.84, 0.3
 U 4511.34, 1.1
 U 4430.04, 0.7
 U 4393.14, 0.9
 U 4375.74, 1.5
 U 4265.44, 1.41
 U 4159.34, 0.95
 U 4140.34, 0.38
 U 4046.54, 0.97
 U 3953.34, 0.58
 U 3899.84, 0.28
 U 3598.54, 0.24
 U 3585.54, 0.13
 U 3558.14, 0.21
 U 3558.14, 0.19
 U 3512.57, 0.036
 U 3500.83, 0.06
 U 3500.83, 0.054
 U 3500.83, 0.082
 U 3500.83, 0.114
 U 3486.78, 0.057
 U 3486.78, 0.024
 U 3471.41, 0.038
 U 3471.41, 0.031
 U 3471.41, 0.058
 U 3471.41, 0.028
 U 3456.68, 0.052
 U 3456.68, 0.105
 U 3456.68, 0.049
 U 3446.46, 0.092
 U 3446.46, 0.039
 U 3446.46, 0.018
 U 3446.46, 0.094
 U 3446.46, 0.064
 U 3432.53, 0.142
 U 3432.53, 0.074
 U 3432.53, 0.134
 U 3419.28, 0.035
 U 3419.28, 0.04
 U 3419.28, 0.03
 U 3409.13, 0.166
 U 3409.13, 0.029
 U 3409.13, 0.142
 U 3409.13, 0.085
 U 3409.13, 0.072
 U 3398.38, 0.05
 U 3398.38, 0.107
 U 3385, 0.035
 U 3385, 0.079
 U 3385, 0.036
 U 3385, 0.042
 U 3373.95, 0.214
 U 3373.95, 0.056
 U 3373.95, 0.066
 U 3373.95, 0.144
 U 3360.81, 0.23
 U 3360.81, 0.019
 U 3360.81, 0.077
 U 3348.32, 0.07
 U 3348.32, 0.017
 U 3348.32, 0.05
 U 3336.5, 0.026
 U 3336.5, 0.039
 U 3336.5, 0.076
 U 3336.5, 0.061
 U 3324.71, 0.015
 U 3324.71, 0.016
 U 3324.71, 0.109
 U 3313.15, 0.034
 U 3313.15, 0.121
 U 3313.15, 0.067
 U 3302.67, 0.04
 U 3302.67, 0.135
 U 3302.67, 0.018
 U 3302.67, 0.054
 U 3302.67, 0.131
 U 3290.11, 0.171
 U 3290.11, 0.023
 U 3290.11, 0.148
 U 3290.11, 0.297
 U 3278.42, 0.138
 U 3278.42, 0.016
 U 3278.42, 0.08
 U 3278.42, 0.068
 U 3278.42, 0.096
 U 3267.06, 0.06
 U 3267.06, 0.179
 U 3267.06, 0.047
 U 3251.15, 0.026
 U 3251.15, 0.129
 U 3251.15, 0.069
 U 3251.15, 0.342
 U 3240.95, 0.049
 U 3240.95, 0.014
 U 3240.95, 0.139
 U 3240.95, 0.017
 U 3229.47, 0.052
 U 3229.47, 0.062
 U 3229.47, 0.146
 U 3229.47, 0.073
 U 3217.9, 0.082
 U 3217.9, 0.044
 U 3217.9, 0.109
 U 3217.9, 0.027
 U 3206.98, 0.047
 U 3206.98, 0.05
 U 3206.98, 0.149
 U 3206.98, 0.029
 U 3206.98, 0.044
 U 3206.98, 0.201
 U 3193.69, 0.158
 U 3193.69, 0.096
 U 3193.69, 0.016
 U 3193.69, 0.021
 U 3193.69, 0.11
 U 3179.59, 0.041
 U 3179.59, 0.086
 U 3179.59, 0.029
 U 3179.59, 0.013
 U 3179.59, 0.103
 U 3164.85, 0.021
 U 3164.85, 0.039
 U 3164.85, 0.014
 U 3164.85, 0.013
 U 3164.85, 0.139
 U 3154.13, 0.039
 U 3154.13, 0.063
 U 3154.13, 0.038
 U 3154.13, 0.025
 U 3142.35, 0.037
 U 3142.35, 0.028
 U 3142.35, 0.042
 U 3142.35, 0.023
 U 3132.17, 0.156
 U 3132.17, 0.01
 U 3132.17, 0.081
 U 3132.17, 0.018
 U 3132.17, 0.081
 U 3119.64, 0.123
 U 3119.64, 0.21
 U 3107.03, 0.073
 U 3107.03, 0.05
 U 3107.03, 0.015
 U 3107.03, 0.098
 U 3096.34, 0.048
 U 3096.34, 0.022
 U 3096.34, 0.109
 U 3096.34, 0.106
 U 3082.35, 0.066
 U 3082.35, 0.092
 U 3082.35, 0.074
 U 3071.34, 0.039
 U 3071.34, 0.053
 U 3071.34, 0.072
 U 3058.77, 0.037
 U 3058.77, 0.119
 U 3047.17, 0.164
 U 3047.17, 0.075
 U 3047.17, 0.082
 U 3047.17, 0.152
 U 3013.01, 0.031
 U 3013.01, 0.334
 U 3001.37, 0.189
 U 3001.37, 0.144
 U 3001.37, 0.06
 U 2991.3, 0.02
 U 2991.3, 0.03
 U 2977.79, 0.121
 U 2977.79, 0.049
 U 2977.79, 0.054
 U 2967.7, 0.096
 U 2967.7, 0.017
 U 2967.7, 0.017
 U 2967.7, 0.034
 U 2952.38, 0.09
 U 2952.38, 0.131
 U 2952.38, 0.064
 U 2952.38, 0.032
 U 2939.81, 0.123
 U 2939.81, 0.08
 U 2939.81, 0.061
 U 2939.81, 0.027
 U 2925.76, 0.012
 U 2925.76, 0.094
 U 2925.76, 0.11
 U 2909.58, 0.056
 U 2909.58, 0.104
 U 2909.58, 0.055
 U 2899.53, 0.322
 U 2899.53, 0.257
 U 2899.53, 0.136
 U 2884.2, 0.068
 U 2884.2, 0.091
 U 2884.2, 0.029
 U 2870.18, 0.136
 U 2870.18, 0.024
 U 2870.18, 0.074
 U 2870.18, 0.061
 U 2870.18, 0.052
 U 2856.41, 0.051
 U 2856.41, 0.014
 U 2856.41, 0.019
 U 2856.41, 0.025
 U 2845.9, 0.273
 U 2845.9, 0.08
 U 2845.9, 0.049
 U 2845.9, 0.053
 U 2845.9, 0.015
 U 2833.3, 0.133
 U 2833.3, 0.018
 U 2833.3, 0.033
 U 2833.3, 0.011
 U 2816.4, 0.096
 U 2816.4, 0.102
 U 2816.4, 0.043
 U 2803.14, 0.057
 U 2803.14, 0.046
 U 2790.7, 0.235
 U 2779.96, 0.275
 U 2779.96, 0.02
 U 2767.78, 0.011
 U 2767.78, 0.053
 U 2767.78, 0.054
 U 2757.47, 0.012
 U 2757.47, 0.17
 U 2757.47, 0.062
 U 2744.98, 0.141
 U 2744.98, 0.024
 U 2744.98, 0.04
 U 2744.98, 0.022
 U 2730.5, 0.065
 U 2730.5, 0.138
 U 2730.5, 0.02
 U 2730.5, 0.014
 U 2730.5, 0.116
 U 2718.25, 0.05
 U 2718.25, 0.14
 U 2718.25, 0.041
 U 2705.89, 0.22
 U 2692.51, 0.195
 U 2692.51, 0.043
 U 2680.38, 0.068
 U 2680.38, 0.017
 U 2680.38, 0.031
 U 2680.38, 0.067
 U 2659.88, 0.017
 U 2659.88, 0.023
 U 2649.61, 0.154
 U 2649.61, 0.06
 U 2649.61, 0.015
 U 2639.1, 0.02
 U 2639.1, 0.029
 U 2627.49, 0.059
 U 2627.49, 0.149
 U 2627.49, 0.086
 U 2616.17, 0.24
 U 2616.17, 0.15
 U 2616.17, 0.096
 U 2604.24, 0.011
 U 2604.24, 0.115
 U 2590.24, 0.016
 U 2590.24, 0.104
 U 2590.24, 0.08
 U 2576.25, 0.217
 U 2576.25, 0.029
 U 2576.25, 0.029
 U 2565.88, 0.315
 U 2565.88, 0.273
 U 2554.37, 0.014
 U 2554.37, 0.093
 U 2554.37, 0.017
 U 2542.58, 0.016
 U 2542.58, 0.26
 U 2531.56, 0.04
 U 2531.56, 0.125
 U 2531.56, 0.104
 U 2531.56, 0.075
 U 2531.56, 0.069
 U 2515.74, 0.063
 U 2515.74, 0.014
 U 2515.74, 0.1
 U 2504.65, 0.069
 U 2504.65, 0.013
 U 2494.48, 0.015
 U 2494.48, 0.194
 U 2494.48, 0.071
 U 2483.78, 0.062
 U 2483.78, 0.092
 U 2483.78, 0.304
 U 2483.78, 0.061
 U 2467.96, 0.112
 U 2467.96, 0.083
 U 2457.95, 0.109
 U 2447.58, 0.087
 U 2447.58, 0.035
 U 2447.58, 0.094
 U 2434.63, 0.189
 U 2434.63, 0.066
 U 2424.56, 0.033
 U 2424.56, 0.022
 U 2424.56, 0.197
 U 2412.56, 0.035
 U 2412.56, 0.042
 U 2401.32, 0.019
 U 2401.32, 0.049
 U 2389.41, 0.106
 U 2389.41, 0.01
 U 2378.6, 0.012
 U 2378.6, 0.243
 U 2378.6, 0.027
 U 2365.66, 0.036
 U 2365.66, 0.179
 U 2352.28, 0.123
 U 2334.35, 0.094
