453.72
 - 0, 100
 E 0, 1.536
1043.14
 - 453.72, 32.2
 E 453.72, 0.24633
1189.53
 - 453.72, 15.8
 E 453.72, 0.02765
1376.92
 - 453.72, 1.5
 E 453.72, 0.0018
 - 0, 2.7
1470.96
 - 453.72, 6.4
 E 453.72, 0.014272
 - 0, 6
1517.51
 - 1043.14, 6.1
1745.58
 - 1189.53, 2.1
 E 1189.53, 0.00672
 - 1043.14, 2.1
 E 1043.14, 0.01533
 - 453.72, 0.81
 E 453.72, 0.0010854
1769.7
 - 1043.14, 1
1777.52
 - 1189.53, 2.8
 E 1189.53, 0.0392
 - 1043.14, 3.7
 E 1043.14, 0.01665
 - 453.72, 6.4
1787.4
 - 1189.53, 0.34
 - 453.72, 2.5
 E 453.72, 0.00425
 - 0, 0.17
1811.9
 P 0, 1
1906.2
 - 453.72, 1.9
 - 0, 0.09
1911.1
 - 1189.53, 0.07
1919.06
 - 1470.96, 1.1
 - 1189.53, 0.5
 - 1043.14, 1.9
 E 1043.14, 0.005681
 - 453.72, 1.7
1978.18
 - 1189.53, 0.51
 - 453.72, 3.1
 E 453.72, 0.004216
 - 0, 0.23
1989.29
 - 1769.7, 2.8
 - 1517.51, 0.5
 - 1189.53, 2.8
 - 1043.14, 1.9
 E 1043.14, 0.001957
 - 453.72, 0.89
 E 453.72, 0.0009167
2045.84
 - 1517.51, 0.56
 - 1043.14, 1.07
2072.75
 - 1189.53, 1.4
 E 1189.53, 0.00476
2096.2
 - 1189.53, 0.74
 - 1043.14, 1.2
2119.5
 - 453.72, 0.24
 - 0, 0.26
 E 0, 0.00022516
2168.17
 - 1787.4, 2.2
 - 1517.51, 0.48
 - 1189.53, 1.8
 - 1043.14, 1.2
2197.71
 - 453.72, 1.5
2220.27
 - 453.72, 1
2226.5
 - 1189.53, 0.25
 - 1043.14, 0.24
2231
 - 453.72, 0.12
2286.6
 - 1043.14, 0.65
 - 453.72, 0.25
2302.6
 - 1777.52, 0.4
2311
 - 1745.58, 0.4
 - 1043.14, 0.33
2324.8
 - 1517.51, 0.68
2356.84
 - 1189.53, 1.2
 E 1189.53, 0.000864
 - 1043.14, 0.97
 - 453.72, 0.38
2433.7
 - 1189.53, 0.25
2435.29
 - 1043.14, 0.27
 - 453.72, 0.42
2438.6
 - 453.72, 0.43
2469.91
 - 1745.58, 0.22
 - 1043.14, 0.41
2484
 - 453.72, 0.18
2491.56
 - 1043.14, 0.24
 - 453.72, 0.46
2516.71
 - 1376.92, 0.73
2521.56
 - 1745.58, 0.37
 - 1189.53, 0.59
 - 1043.14, 1
2528.5
 U 1811.9, 0.17
2552.51
 - 1470.96, 0.34
 - 1189.53, 1.3
 E 1189.53, 0.00156
 - 453.72, 0.1
2562.09
 - 453.72, 0.46
2573.88
 - 1989.29, 0.12
 - 453.72, 0.38
2589.73
 - 1517.51, 0.4
 - 453.72, 0.71
2602.8
 - 453.72, 0.53
2660.83
 - 453.72, 0.23
2663.7
 - 1769.7, 0.4
2707.4
 P 0, 1
2710.9
 - 1517.51, 0.31
2750.22
 P 0, 1
2783.9
 P 0, 1
2804.3
 - 1745.58, 0.51
 - 1376.92, 0.46
2844.7
 P 0, 1
2870.7
 P 0, 1
2885.4
 P 0, 1
2923.3
 - 1043.14, 0.21
2930.66
 - 1189.53, 0.91
2969.53
 - 1189.53, 0.12
3013.3
 P 0, 1
3091.3
 P 0, 1
3145.3
 - 453.72, 0.13
3179
 - 1189.53, 0.18
3246.8
 - 453.72, 0.14
3329.6
 - 2226.5, 0.11
 - 1517.51, 0.91
4712
 P 0, 1
4734.5
 P 0, 1
4879.2
 P 0, 1
4905.9
 P 0, 1
5105
 P 0, 1
5195.3
 P 0, 1
5273.6
 P 0, 1
5286.7
 P 0, 1
5330.3
 P 0, 1
5341.3
 P 0, 1
5355.4
 P 0, 1
5407.2
 P 0, 1
5422.3
 P 0, 1
5481.6
 P 0, 1
5507
 P 0, 1
5519.2
 P 0, 1
5561.8
 P 0, 1
5584.9
 P 0, 1
5595.8
 P 0, 1
5620.6
 P 0, 1
5654
 P 0, 1
5711.5
 P 0, 1
5747.2
 P 0, 1
5793.7
 P 0, 1
5823.4
 P 0, 1
5836.4
 P 0, 1
5883.9
 P 0, 1
5899.2
 P 0, 1
5927
 P 0, 1
5950.9
 P 0, 1
5985.3
 P 0, 1
6004.7
 P 0, 1
6042.9
 P 0, 1
6068.3
 P 0, 1
6096
 P 0, 1
6130.5
 P 0, 1
6182.8
 P 0, 1
6344.9
 P 0, 1
6371.4
 P 0, 1
6383.1
 P 0, 1
6399.6
 P 0, 1
6415
 P 0, 1
6471.3
 P 0, 1
6535.2
 P 0, 1
6552.5
 P 0, 1
7564.8
 U 3091.3, 5.7
 U 3013.3, 5.6
 - 2969.53, 6.4
 - 2930.66, 22.7
 U 2885.4, 5.2
 U 2870.7, 2.2
 U 2844.7, 4.2
 U 2783.9, 10.1
 U 2750.22, 26.7
 U 2707.4, 4.3
 - 2660.83, 5.2
 - 2589.73, 29.4
 - 2573.88, 5.4
 - 2562.09, 14
 - 2552.51, 76.4
 U 2528.5, 6.7
 - 2521.56, 39.6
 - 2516.71, 24.7
 - 2491.56, 11.5
 - 2469.91, 10.3
 - 2438.6, 3.4
 - 2435.29, 7.5
 - 2433.7, 3.1
 - 2356.84, 47.8
 - 2226.5, 5.5
 - 2220.27, 11.6
 - 2197.71, 15.6
 - 2096.2, 10.2
 - 2072.75, 3.6
 - 1989.29, 24.5
 - 1978.18, 13.7
 - 1919.06, 45.1
 U 1811.9, 4.2
 - 1787.4, 11.7
 - 1777.52, 100
 - 1745.58, 5.2
 - 1470.96, 314
 - 1189.53, 17
 - 1043.14, 206
 - 453.72, 390
 U 6552.5, 0.22
 U 6535.2, 0.17
 U 6535.2, 0.16
 U 6471.3, 0.14
 U 6415, 0.21
 U 6399.6, 0.12
 U 6399.6, 0.3
 U 6383.1, 0.15
 U 6371.4, 0.31
 U 6344.9, 0.22
 U 6182.8, 0.1
 U 6130.5, 0.79
 U 6096, 0.3
 U 6068.3, 0.11
 U 6068.3, 0.22
 U 6042.9, 1.3
 U 6004.7, 0.29
 U 5985.3, 0.34
 U 5950.9, 0.49
 U 5927, 0.23
 U 5899.2, 0.33
 U 5899.2, 0.19
 U 5883.9, 0.31
 U 5883.9, 0.31
 U 5836.4, 0.2
 U 5823.4, 0.48
 U 5823.4, 0.32
 U 5793.7, 0.16
 U 5711.5, 0.25
 U 5711.5, 0.34
 U 5654, 0.09
 U 5654, 0.1
 U 5654, 0.06
 U 5654, 0.51
 U 5620.6, 0.15
 U 5595.8, 0.16
 U 5595.8, 0.11
 U 5561.8, 0.16
 U 5519.2, 0.17
 U 5507, 0.18
 U 5481.6, 0.2
 U 5422.3, 0.1
 U 5407.2, 0.07
 U 5355.4, 0.23
 U 5341.3, 1.3
 U 5330.3, 0.21
 U 5286.7, 0.1
 U 5273.6, 0.13
 U 5195.3, 0.12
 U 5105, 0.14
 U 4905.9, 0.2
 U 4879.2, 0.15
 U 4734.5, 0.24
 U 4712, 0.12
 U 4712, 0.23
