108.521
 - 0, 3.2
138.446
 - 0, 8.7
165.087
 - 0, 20.1
220.706
 - 108.521, 0.14
 - 0, 0.06
258.33
 - 165.087, 0.37
 - 138.446, 0.61
 - 108.521, 0.08
 - 0, 6.2
270.859
 - 108.521, 0.47
285.482
 - 165.087, 5.7
 - 138.446, 0.25
 - 0, 0.58
316.23
 - 165.087, 0.06
 - 138.446, 0.1
 - 108.521, 0.8
 - 0, 0.83
321.144
 - 165.087, 1.15
 - 138.446, 0.98
 - 108.521, 0.57
 - 0, 1.29
332.928
 - 138.446, 0.12
 - 108.521, 0.48
 - 0, 7.7
365.931
 - 332.928, 1
 - 285.482, 0.87
 - 165.087, 0.53
 - 138.446, 2.7
 - 108.521, 0.3
 - 0, 5.4
403.729
 - 285.482, 0.12
 - 258.33, 0.39
 - 165.087, 2.1
 - 138.446, 0.87
 - 0, 0.7
459.529
 - 316.23, 0.38
 - 285.482, 0.07
 - 165.087, 0.35
 - 138.446, 0.06
 - 108.521, 0.37
 - 0, 0.61
482.673
 - 403.729, 0.24
 - 365.931, 1.45
 - 285.482, 1.58
 - 258.33, 0.63
 - 165.087, 0.25
517.44
 - 108.521, 0.25
 - 0, 1.95
548.645
 - 332.928, 0.61
 - 321.144, 1.4
 - 165.087, 1.01
 - 138.446, 1.04
 - 0, 0.22
571.442
 - 482.673, 0.05
 - 332.928, 0.3
 - 258.33, 0.41
 - 165.087, 2.3
 - 138.446, 1.38
705.128
 - 459.529, 0.3
 - 316.23, 0.36
 - 138.446, 0.24
709.045
 - 459.529, 0.09
 - 403.729, 0.29
 - 332.928, 0.23
 - 321.144, 0.29
 - 258.33, 0.77
 - 138.446, 0.86
741.06
 - 285.482, 0.19
 - 165.087, 0.87
814.4
 - 459.529, 0.32
 - 285.482, 1.1
 - 165.087, 0.19
 - 138.446, 2.1
839.33
 P 0, 1
881.17
 - 258.33, 0.33
913.58
 - 482.673, 0.6
1084.05
 P 0, 1
1150.47
 P 0, 1
1188.58
 P 0, 1
1249.63
 P 0, 1
1420.96
 P 0, 1
1512.23
 P 0, 1
1534.76
 P 0, 1
1553.15
 P 0, 1
1590.8
 P 0, 1
1622.54
 P 0, 1
1679.63
 P 0, 1
1777.85
 P 0, 1
1827.9
 P 0, 1
1873.39
 P 0, 1
1984.84
 P 0, 1
2067.13
 P 0, 1
2091.65
 P 0, 1
2113.95
 P 0, 1
2145.05
 P 0, 1
2203.57
 P 0, 1
2241.07
 P 0, 1
2394.17
 P 0, 1
2506.52
 P 0, 1
2679.13
 P 0, 1
2744.03
 P 0, 1
2842.42
 P 0, 1
2889.32
 P 0, 1
2904.82
 P 0, 1
3027.42
 P 0, 1
3087.33
 P 0, 1
3100.51
 P 0, 1
3154.05
 P 0, 1
3181.72
 P 0, 1
3198.82
 P 0, 1
3211.52
 P 0, 1
3227.72
 P 0, 1
3247.32
 P 0, 1
3311.92
 P 0, 1
3360.3
 P 0, 1
3374.42
 P 0, 1
3402.52
 P 0, 1
3451.52
 P 0, 1
3470.62
 P 0, 1
3486.32
 P 0, 1
3533.72
 P 0, 1
3575.52
 P 0, 1
3589.02
 P 0, 1
3660
 P 0, 1
3674.67
 P 0, 1
3695.12
 P 0, 1
3741.2
 P 0, 1
3760.35
 P 0, 1
3779.2
 P 0, 1
3795.92
 P 0, 1
3808.28
 P 0, 1
3819.22
 P 0, 1
3834.23
 P 0, 1
3855.01
 P 0, 1
3885
 P 0, 1
3897.48
 P 0, 1
3909.32
 P 0, 1
3919.58
 P 0, 1
3933.12
 P 0, 1
3947.35
 P 0, 1
3958.32
 P 0, 1
3977.32
 P 0, 1
3992.68
 P 0, 1
4003.02
 P 0, 1
4034.8
 P 0, 1
5038.82
 - 913.58, 0.38
 - 814.4, 0.45
 - 741.06, 0.17
 - 709.045, 0.93
 - 571.442, 0.24
 - 482.673, 0.21
 - 403.729, 0.32
 - 365.931, 8.02
 - 285.482, 1.62
 - 258.33, 0.16
 - 165.087, 0.53
 U 4034.8, 0.61
 U 4034.8, 0.21
 U 4003.02, 0.2
 U 3992.68, 0.71
 U 3992.68, 0.19
 U 3977.32, 0.17
 U 3977.32, 0.71
 U 3977.32, 0.24
 U 3958.32, 0.34
 U 3947.35, 0.2
 U 3947.35, 0.33
 U 3933.12, 0.24
 U 3933.12, 2.98
 U 3919.58, 1.87
 U 3909.32, 0.34
 U 3909.32, 0.3
 U 3909.32, 0.82
 U 3897.48, 0.83
 U 3885, 0.85
 U 3885, 0.89
 U 3855.01, 1.14
 U 3855.01, 1.81
 U 3855.01, 3.37
 U 3834.23, 0.53
 U 3819.22, 0.79
 U 3819.22, 0.28
 U 3808.28, 0.74
 U 3795.92, 0.22
 U 3779.2, 0.64
 U 3779.2, 0.94
 U 3760.35, 0.53
 U 3741.2, 0.31
 U 3695.12, 0.22
 U 3674.67, 0.34
 U 3674.67, 0.39
 U 3660, 0.6
 U 3660, 0.61
 U 3660, 0.38
 U 3589.02, 0.33
 U 3575.52, 0.33
 U 3533.72, 0.24
 U 3486.32, 0.96
 U 3470.62, 0.28
 U 3451.52, 0.29
 U 3451.52, 0.37
 U 3451.52, 0.7
 U 3402.52, 0.31
 U 3374.42, 0.24
 U 3360.3, 0.73
 U 3311.92, 0.27
 U 3247.32, 0.34
 U 3247.32, 0.46
 U 3227.72, 0.39
 U 3227.72, 0.31
 U 3227.72, 0.32
 U 3211.52, 0.22
 U 3198.82, 0.36
 U 3181.72, 0.25
 U 3181.72, 0.28
 U 3154.05, 0.98
 U 3100.51, 0.56
 U 3087.33, 0.6
 U 3087.33, 0.42
 U 3027.42, 0.3
 U 2904.82, 0.27
 U 2889.32, 0.29
 U 2842.42, 0.31
 U 2744.03, 0.68
 U 2679.13, 0.46
 U 2506.52, 0.58
 U 2394.17, 0.56
 U 2241.07, 0.51
 U 2203.57, 0.69
 U 2145.05, 0.49
 U 2113.95, 0.37
 U 2091.65, 0.65
 U 2067.13, 0.28
 U 1984.84, 0.46
 U 1873.39, 0.53
 U 1827.9, 0.48
 U 1777.85, 0.76
 U 1679.63, 0.41
 U 1622.54, 1.43
 U 1590.8, 0.58
 U 1553.15, 2.03
 U 1534.76, 0.3
 U 1512.23, 0.21
 U 1512.23, 0.22
 U 1420.96, 0.59
 U 1249.63, 1
 U 1188.58, 0.17
 U 1188.58, 1.01
 U 1150.47, 0.44
 U 1084.05, 2.25
 U 839.33, 0.81
