780.4
 - 0, 9
920.2
 - 780.4, 1.9
1050.9
 - 0, 1.4
1249.7
 - 0, 4.9
1285.3
 - 0, 1.3
1403.8
 - 1050.9, 2.4
 - 780.4, 0.8
1714
 - 920.2, 3.6
 - 780.4, 2.8
1744.8
 - 780.4, 1.1
 - 0, 2.6
1884.5
 - 920.2, 1.1
 - 0, 1.1
2035.7
 - 0, 1.3
2107.2
 - 0, 0.3
2270.4
 - 920.2, 1.1
 - 780.4, 2.7
 - 0, 1.6
2626.2
 - 920.2, 2.9
 - 780.4, 2.8
2703
 - 0, 1.2
3220
 - 1714, 6.1
 - 780.4, 1.2
3860.3
 P 0, 1
3923.2
 P 0, 1
3934.4
 P 0, 1
3996.1
 P 0, 1
4016.5
 P 0, 1
4067.3
 P 0, 1
4095.1
 P 0, 1
4142.4
 P 0, 1
4161.9
 P 0, 1
4199.8
 P 0, 1
4235.5
 P 0, 1
4249.4
 P 0, 1
4284.3
 P 0, 1
4305.7
 P 0, 1
4353.5
 P 0, 1
4369.6
 P 0, 1
4379.9
 P 0, 1
4399.1
 P 0, 1
4409.8
 P 0, 1
4422.3
 P 0, 1
4441.3
 P 0, 1
4451.4
 P 0, 1
4463.3
 P 0, 1
4490.1
 P 0, 1
4551.6
 P 0, 1
4594.9
 P 0, 1
4614.4
 P 0, 1
4654.9
 P 0, 1
4667.5
 P 0, 1
4703.5
 P 0, 1
4713.6
 P 0, 1
4726.2
 P 0, 1
5756
 - 3220, 5.1
 - 2703, 6.2
 - 2626.2, 6.6
 - 2270.4, 1.5
 - 2107.2, 0.7
 - 2035.7, 3.5
 - 1884.5, 3
 - 1744.8, 26.1
 - 1714, 7.2
 - 920.2, 97
 - 780.4, 13
 U 4726.2, 0.7
 U 4726.2, 0.9
 U 4713.6, 0.6
 U 4713.6, 0.7
 U 4703.5, 0.8
 U 4667.5, 2
 U 4667.5, 1
 U 4654.9, 1.1
 U 4654.9, 0.5
 U 4614.4, 1.5
 U 4594.9, 4.4
 U 4594.9, 0.7
 U 4551.6, 1.6
 U 4490.1, 2.2
 U 4490.1, 1.3
 U 4490.1, 4.2
 U 4463.3, 1
 U 4451.4, 1.3
 U 4441.3, 1
 U 4441.3, 1.9
 U 4422.3, 0.8
 U 4409.8, 0.4
 U 4399.1, 1.7
 U 4399.1, 0.7
 U 4379.9, 4.4
 U 4379.9, 1.1
 U 4369.6, 0.5
 U 4369.6, 0.8
 U 4369.6, 0.6
 U 4353.5, 1.4
 U 4353.5, 1.7
 U 4305.7, 3.2
 U 4284.3, 1.9
 U 4249.4, 6.1
 U 4249.4, 3.4
 U 4235.5, 2
 U 4199.8, 1.3
 U 4161.9, 0.6
 U 4142.4, 1.4
 U 4095.1, 2.5
 U 4067.3, 2.5
 U 4016.5, 1.6
 U 3996.1, 2.8
 U 3934.4, 2
 U 3923.2, 1.7
 U 3860.3, 3.3
