22.4505
 - 0, 0.41
57.6741
 - 22.4505, 0.71
 - 0, 4.58
 E 0, 5.23952
75.857
 - 22.4505, 0.45
 - 0, 0.17
105.752
 - 75.857, 0.13
 - 22.4505, 1.43
 E 22.4505, 0.61061
 - 0, 2.55
 E 0, 0.5661
177.714
 - 105.752, 0.09
 - 22.4505, 0.94
189.054
 - 105.752, 0.3
 - 57.6741, 1.11
 - 22.4505, 3.51
 - 0, 11.1
 E 0, 0.50616
249.568
 - 189.054, 0.41
 - 105.752, 0.2
 - 75.857, 0.54
 - 57.6741, 0.33
 - 22.4505, 0.7
 - 0, 1.7
335.796
 - 249.568, 0.24
 - 189.054, 0.037
 - 75.857, 0.092
 - 22.4505, 0.54
495.305
 - 189.054, 0.35
 - 57.6741, 1.49
 - 0, 1.91
506.953
 - 249.568, 0.28
 - 189.054, 0.44
 - 105.752, 0.46
 - 22.4505, 2.46
531.93
 - 335.796, 0.45
 - 57.6741, 1.7
542.8
 - 0, 2.24
581.02
 - 57.6741, 1
599.26
 - 177.714, 0.5
 - 75.857, 1
622.61
 - 531.93, 0.14
 - 249.568, 0.14
736.28
 - 581.02, 0.94
 - 189.054, 0.78
 - 57.6741, 3.7
 - 22.4505, 0.61
846.64
 - 736.28, 0.12
 - 189.054, 3.5
 - 177.714, 1.9
880.09
 - 506.953, 0.18
 - 0, 1.04
892.96
 - 249.568, 0.84
 - 105.752, 0.77
 - 0, 0.24
949.31
 - 189.054, 0.38
 - 57.6741, 0.53
964.09
 - 249.568, 0.49
 - 22.4505, 1.64
986
 P 0, 1
1065.7
 - 892.96, 0.11
 - 736.28, 0.6
 - 189.054, 0.8
1130.73
 - 335.796, 0.49
 - 189.054, 1.64
 - 57.6741, 0.58
1150.71
 - 75.857, 0.75
 - 0, 0.26
1183.8
 - 542.8, 0.59
1212.17
 - 880.09, 0.2
 - 335.796, 0.8
 - 57.6741, 1.08
1220.31
 - 249.568, 0.95
1256.61
 - 1150.71, 0.17
 - 531.93, 0.43
 - 495.305, 0.48
 - 0, 2.8
1409.5
 P 0, 1
1436.81
 - 0, 0.24
1575.55
 - 1436.81, 0.13
 - 949.31, 1.94
 - 542.8, 1.03
1638.04
 P 0, 1
1745.82
 - 1575.55, 0.41
 - 1436.81, 0.81
 - 892.96, 1
 - 581.02, 1.29
1792.14
 - 1212.17, 0.17
 - 599.26, 2.31
1836.28
 - 1256.61, 0.17
 - 1150.71, 0.63
 - 495.305, 3
1951.96
 - 531.93, 2.2
2094.31
 - 1065.7, 0.24
2268.47
 P 0, 1
2300.55
 P 0, 1
2312.19
 P 0, 1
2332.38
 P 0, 1
2412.85
 P 0, 1
2436.4
 P 0, 1
2841.92
 P 0, 1
3778.82
 P 0, 1
3810.92
 P 0, 1
3870.47
 P 0, 1
3884.57
 P 0, 1
3945.06
 P 0, 1
3958.09
 P 0, 1
3968.77
 P 0, 1
4018.1
 P 0, 1
4067.01
 P 0, 1
4148.68
 P 0, 1
4162.37
 P 0, 1
4196.95
 P 0, 1
4224.04
 P 0, 1
4277.93
 P 0, 1
4312.1
 P 0, 1
5334.57
 - 2094.31, 0.83
 - 1951.96, 3.7
 - 1836.28, 0.78
 - 1792.14, 0.25
 - 1745.82, 0.91
 U 1638.04, 0.3
 - 1575.55, 0.41
 - 1436.81, 0.35
 U 1409.5, 0.36
 - 1220.31, 0.39
 - 1212.17, 0.51
 - 1183.8, 0.34
 - 1150.71, 0.53
 - 1130.73, 0.19
 U 986, 0.83
 - 964.09, 0.76
 - 949.31, 0.18
 - 892.96, 0.51
 - 880.09, 0.5
 - 846.64, 2.79
 E 846.64, 0.0053568
 - 599.26, 0.26
 - 506.953, 0.58
 - 495.305, 0.75
 - 189.054, 0.2
 - 57.6741, 1.11
 - 0, 0.3
 U 4312.1, 0.43
 U 4277.93, 0.46
 U 4224.04, 0.59
 U 4196.95, 1.58
 U 4162.37, 0.62
 U 4148.68, 1.68
 U 4067.01, 3.7
 U 4018.1, 2.8
 U 4018.1, 1.01
 U 3968.77, 0.91
 U 3958.09, 2.1
 U 3958.09, 0.48
 U 3945.06, 1.31
 U 3884.57, 0.96
 U 3870.47, 0.63
 U 3810.92, 1
 U 3778.82, 0.39
 U 2841.92, 0.72
 U 2436.4, 0.41
 U 2412.85, 0.26
 U 2332.38, 1.04
 U 2332.38, 0.33
 U 2312.19, 0.44
 U 2300.55, 0.58
 U 2300.55, 0.58
 U 2268.47, 0.31
 - 22.4505, 0.16
