38.7
 P 0, 1
49.9268
 - 0, 4.5
 E 0, 48.735
79.5
 P 0, 1
115.65
 P 0, 1
127.919
 - 49.9268, 9.8
 E 49.9268, 30.184
 - 0, 5.3
 E 0, 4.293
141.5
 P 0, 1
162.1
 P 0, 1
190.291
 - 49.9268, 0.38
214.595
 - 127.919, 4.3
 E 127.919, 15.824
 - 0, 0.65
261.1
 P 0, 1
295.07
 P 0, 1
314.679
 - 214.595, 0.42
 - 127.919, 0.48
 - 49.9268, 0.24
 - 0, 11.9
330.1
 P 0, 1
443.7
 P 0, 1
463.616
 - 214.595, 1.83
 - 127.919, 7.2
 - 49.9268, 1.6
 - 0, 0.23
516.671
 - 314.679, 0.44
 - 127.919, 1.65
 - 49.9268, 1.5
 - 0, 1.33
604.514
 - 463.616, 2.2
 - 214.595, 0.4
 - 0, 5.5
631.479
 - 516.671, 0.3
 - 463.616, 0.85
 - 314.679, 0.68
 - 214.595, 0.2
 - 127.919, 1.8
 - 0, 3.2
673.5
 P 0, 1
709.8
 P 0, 1
769.313
 - 463.616, 0.26
 - 214.595, 1.05
 - 127.919, 2.5
792.561
 - 463.616, 0.69
 - 314.679, 0.3
 - 214.595, 1.8
807.97
 P 0, 1
895.3
 P 0, 1
942.07
 - 314.679, 0.29
 - 0, 0.66
957.26
 - 463.616, 0.4
 - 314.679, 0.2
 - 0, 0.35
1041.48
 - 631.479, 0.25
 - 604.514, 0.41
 - 314.679, 0.54
1054.39
 P 0, 1
1111.9
 - 516.671, 0.1
 - 314.679, 0.89
 - 214.595, 1.31
1222.89
 P 0, 1
1237.91
 P 0, 1
1269.07
 P 0, 1
1310.76
 - 314.679, 0.2
1341.4
 P 0, 1
1398.16
 - 314.679, 0.41
1445.14
 - 604.514, 0.55
 - 314.679, 0.3
1523.49
 - 792.561, 0.11
 - 769.313, 0.18
 - 314.679, 0.62
1544.92
 - 314.679, 0.68
1550.09
 - 516.671, 0.29
 - 314.679, 0.46
1570.7
 P 0, 1
1589.62
 P 0, 1
1621.11
 P 0, 1
1633
 P 0, 1
1687.8
 P 0, 1
1752
 P 0, 1
1782.79
 P 0, 1
1841.05
 - 463.616, 0.83
 - 314.679, 0.41
 - 0, 0.83
1862.2
 P 0, 1
1897.4
 P 0, 1
1914.7
 P 0, 1
1935.8
 P 0, 1
1979.49
 - 792.561, 1.25
 - 604.514, 0.4
2008.31
 P 0, 1
2023.5
 P 0, 1
2034.01
 P 0, 1
2069.4
 P 0, 1
2083.49
 P 0, 1
2138.7
 P 0, 1
2184.03
 P 0, 1
2216.7
 P 0, 1
2251.77
 P 0, 1
2277.34
 P 0, 1
2298.4
 P 0, 1
2380.42
 P 0, 1
2410.5
 P 0, 1
2424.07
 P 0, 1
2454.9
 P 0, 1
2485.69
 P 0, 1
2496.01
 P 0, 1
2517.6
 P 0, 1
2532
 P 0, 1
2595.9
 P 0, 1
2627.4
 P 0, 1
2638.5
 P 0, 1
2661.8
 P 0, 1
2690.7
 P 0, 1
2737.7
 P 0, 1
2758.1
 P 0, 1
2774
 P 0, 1
2795.71
 P 0, 1
2855.3
 P 0, 1
2887.4
 P 0, 1
2899.7
 P 0, 1
2920.79
 P 0, 1
2976.8
 P 0, 1
3082.71
 P 0, 1
3133.8
 P 0, 1
3156.98
 P 0, 1
3169.7
 P 0, 1
3196.07
 P 0, 1
3251.2
 P 0, 1
3261.4
 P 0, 1
3290.99
 P 0, 1
3304.36
 P 0, 1
3349.68
 P 0, 1
3444.6
 P 0, 1
3504
 P 0, 1
3518.2
 P 0, 1
3772.61
 P 0, 1
3827.14
 P 0, 1
4049.96
 P 0, 1
4072.69
 P 0, 1
4108.71
 P 0, 1
4127.8
 P 0, 1
4141.75
 P 0, 1
4172.95
 P 0, 1
4184.78
 P 0, 1
4201.54
 P 0, 1
4227.18
 P 0, 1
4251.64
 P 0, 1
5292.2
 - 1979.49, 0.66
 - 1841.05, 1.2
 - 1550.09, 0.19
 - 1544.92, 0.31
 - 1523.49, 0.67
 - 1445.14, 0.36
 - 1398.16, 0.28
 - 792.561, 0.14
 - 769.313, 0.07
 - 631.479, 3.34
 - 604.514, 3.2
 - 516.671, 0.18
 - 463.616, 0.6
 - 314.679, 1.31
 - 214.595, 0.46
 U 4251.64, 0.19
 U 4227.18, 0.33
 U 4201.54, 0.28
 U 4184.78, 0.81
 U 4172.95, 0.54
 U 4172.95, 0.11
 U 4141.75, 0.39
 U 4141.75, 0.25
 U 4141.75, 0.32
 U 4127.8, 0.44
 U 4108.71, 0.46
 U 4108.71, 0.49
 U 4072.69, 0.2
 U 4049.96, 0.29
 U 4049.96, 0.16
 U 3827.14, 0.38
 U 3772.61, 0.33
 U 3518.2, 0.75
 U 3518.2, 0.49
 U 3504, 0.24
 U 3444.6, 0.38
 U 3444.6, 0.26
 U 3444.6, 0.5
 U 3349.68, 1.09
 U 3304.36, 0.42
 U 3304.36, 0.13
 U 3290.99, 0.32
 U 3290.99, 0.22
 U 3261.4, 0.3
 U 3251.2, 0.27
 U 3196.07, 0.59
 U 3169.7, 0.28
 U 3156.98, 0.7
 U 3133.8, 0.3
 U 3082.71, 0.51
 U 2976.8, 0.37
 U 2920.79, 0.64
 U 2920.79, 0.94
 U 2899.7, 0.29
 U 2887.4, 0.26
 U 2855.3, 0.23
 U 2795.71, 0.34
 U 2774, 0.18
 U 2774, 0.25
 U 2758.1, 0.26
 U 2737.7, 0.24
 U 2690.7, 0.19
 U 2690.7, 0.29
 U 2661.8, 0.21
 U 2638.5, 0.5
 U 2627.4, 0.29
 U 2595.9, 0.53
 U 2595.9, 0.68
 U 2532, 0.18
 U 2517.6, 0.21
 U 2496.01, 1.88
 U 2485.69, 0.3
 U 2454.9, 0.22
 U 2424.07, 0.41
 U 2424.07, 0.42
 U 2410.5, 0.18
 U 2380.42, 0.44
 U 2380.42, 0.32
 U 2298.4, 0.15
 U 2298.4, 0.13
 U 2277.34, 0.34
 U 2251.77, 0.33
 U 2216.7, 0.22
 U 2216.7, 0.3
 U 2184.03, 0.75
 U 2138.7, 0.17
 U 2083.49, 0.18
 U 2069.4, 0.14
 U 2034.01, 0.88
 U 2034.01, 0.22
 U 2023.5, 0.19
 U 2008.31, 0.31
 U 1935.8, 0.14
 U 1914.7, 0.2
 U 1897.4, 0.24
 U 1862.2, 0.25
 U 1782.79, 0.43
 U 1752, 0.1
 U 1687.8, 0.13
 U 1633, 0.14
 U 1621.11, 0.17
 U 1589.62, 0.18
 U 1570.7, 0.09
 - 1544.92, 0.12
 U 1341.4, 0.07
 U 1269.07, 0.3
 U 1269.07, 0.16
 U 1237.91, 0.23
 U 1222.89, 0.24
 U 1054.39, 0.13
 - 957.26, 0.11
 - 957.26, 0.05
 U 895.3, 0.09
 U 807.97, 0.13
 U 709.8, 0.05
 U 673.5, 0.12
 - 604.514, 0.08
 - 516.671, 0.21
 U 443.7, 0.05
 U 330.1, 0.05
 U 295.07, 0.13
 U 295.07, 0.1
 U 261.1, 0.04
 U 261.1, 0.06
 U 162.1, 0.1
 U 141.5, 0.05
 - 127.919, 0.03
 U 115.65, 0.14
 U 115.65, 0.06
 U 79.5, 0.04
 U 38.7, 0.06
