550
 - 0, 50
1161
 - 550, 11
1180.3
 - 550, 19
1434
 - 550, 1.2
1455.8
 - 550, 1
 - 0, 0.8
1465
 - 0, 1.5
1593.7
 - 1180.3, 4.3
 - 1161, 1.3
1659.4
 - 550, 1.4
1717.8
 P 0, 1
1733.4
 - 1161, 2.2
 - 550, 1.2
1893.9
 - 550, 1.7
2031.8
 P 0, 1
2110.8
 P 0, 1
2146.8
 P 0, 1
2215.8
 P 0, 1
2227.8
 P 0, 1
2326.8
 P 0, 1
2397.8
 P 0, 1
2440.8
 P 0, 1
2524.8
 P 0, 1
2541.8
 P 0, 1
2631.8
 P 0, 1
2640.8
 P 0, 1
2681.8
 P 0, 1
2692.8
 P 0, 1
2711.8
 P 0, 1
2722.8
 P 0, 1
2753.8
 P 0, 1
2812.8
 P 0, 1
2860.8
 P 0, 1
2890.8
 P 0, 1
2917.8
 P 0, 1
2965.8
 P 0, 1
2991.8
 P 0, 1
3049.8
 P 0, 1
3062.8
 P 0, 1
3088.8
 P 0, 1
3106.8
 P 0, 1
3138.8
 P 0, 1
3163.8
 P 0, 1
3235.8
 P 0, 1
3261.8
 P 0, 1
3286.8
 P 0, 1
3308.8
 P 0, 1
3337.8
 P 0, 1
3375.8
 P 0, 1
3387.8
 P 0, 1
3403.8
 P 0, 1
3413.8
 P 0, 1
3437.8
 P 0, 1
3465.8
 P 0, 1
3479.8
 P 0, 1
3507.8
 P 0, 1
3519.8
 P 0, 1
3562.8
 P 0, 1
3598.8
 P 0, 1
3613.8
 P 0, 1
3635.8
 P 0, 1
3701.8
 P 0, 1
3766.8
 P 0, 1
3831.8
 P 0, 1
3844.8
 P 0, 1
3865.8
 P 0, 1
3920.8
 P 0, 1
3971.8
 P 0, 1
4122.8
 P 0, 1
4204.9
 P 0, 1
8141.9
 U 4122.8, 0.17
 U 3971.8, 0.04
 U 3920.8, 0.06
 U 3865.8, 0.19
 U 3844.8, 0.08
 U 3831.8, 0.08
 U 3766.8, 0.04
 U 3701.8, 0.04
 U 3635.8, 0.16
 U 3613.8, 0.11
 U 3598.8, 0.04
 U 3562.8, 0.07
 U 3519.8, 0.17
 U 3507.8, 0.07
 U 3479.8, 0.03
 U 3465.8, 0.05
 U 3437.8, 0.04
 U 3413.8, 0.06
 U 3403.8, 0.07
 U 3387.8, 0.03
 U 3375.8, 0.05
 U 3337.8, 0.14
 U 3308.8, 0.15
 U 3286.8, 0.06
 U 3261.8, 0.05
 U 3235.8, 0.04
 U 3163.8, 0.12
 U 3138.8, 0.1
 U 3106.8, 0.17
 U 3088.8, 0.03
 U 3062.8, 0.07
 U 3049.8, 0.06
 U 2991.8, 0.22
 U 2965.8, 0.15
 U 2917.8, 0.04
 U 2890.8, 0.19
 U 2860.8, 0.21
 U 2812.8, 0.007
 U 2753.8, 0.03
 U 2722.8, 0.05
 U 2711.8, 0.17
 U 2692.8, 0.08
 U 2681.8, 0.11
 U 2640.8, 0.13
 U 2631.8, 0.02
 U 2541.8, 0.01
 U 2524.8, 0.2
 U 2440.8, 0.26
 U 2397.8, 0.05
 U 2326.8, 0.06
 U 2227.8, 0.21
 U 2215.8, 0.01
 U 2146.8, 0.03
 U 2110.8, 0.08
 U 2031.8, 0.19
 - 1893.9, 1.1
 - 1733.4, 0.09
 U 1717.8, 0.01
 - 1659.4, 0.11
 - 1593.7, 0.02
 - 1455.8, 0.01
 - 1434, 0.1
 - 1180.3, 0.14
 - 1161, 0.006
 - 550, 0.7
 U 4204.9, 0.07
