333.99
 - 0, 61
740.5
 - 333.99, 0.41
 - 0, 0.007
773.35
 - 333.99, 35.7
1046.17
 - 773.35, 0.043
 - 740.5, 0.104
 - 333.99, 3.07
 - 0, 0.25
1071.38
 - 773.35, 0.5
 - 333.99, 6.6
1165.71
 - 740.5, 0.02
 - 333.99, 0.77
 - 0, 0.89
1193.84
 - 1046.17, 0.0018
 - 773.35, 0.016
 - 740.5, 0.05
 - 333.99, 1.03
 - 0, 1.21
1255.52
 - 1046.17, 0.0048
 - 740.5, 0.08
 - 333.99, 0.32
 - 0, 0.2
1278.9
 - 773.35, 6.6
1357.65
 - 1278.9, 0.022
 - 1071.38, 0.017
 - 773.35, 6
1417.32
 - 1255.52, 0.015
 - 1193.84, 0.0087
 - 1165.71, 0.23
 - 1071.38, 0.5
 - 1046.17, 0.089
 - 333.99, 0.22
1449.17
 - 1278.9, 0.0051
 - 1193.84, 0.021
 - 1071.38, 0.06
 - 1046.17, 0.89
 - 773.35, 1.99
1504.6
 - 1193.84, 0.046
 - 1046.17, 0.21
 - 773.35, 0.69
 - 333.99, 2.1
1642.63
 - 1504.6, 0.0011
 - 1449.17, 0.0073
 - 1417.32, 0.0041
 - 1357.65, 0.12
 - 1193.84, 0.15
 - 1071.38, 0.27
 - 1046.17, 0.029
 - 773.35, 1.04
 - 333.99, 0.5
1658.37
 - 1504.6, 0.0012
 - 1165.71, 0.017
1672.73
 - 1504.6, 0.0066
 - 1449.17, 0.0087
 - 1278.9, 0.019
 - 1046.17, 0.07
 - 773.35, 0.08
1684.14
 - 1046.17, 0.055
 - 773.35, 0.51
 - 333.99, 1.17
1713.97
 - 1165.71, 0.04
 - 1046.17, 0.024
 - 333.99, 0.48
1760.08
 - 1642.63, 0.001
 - 1504.6, 0.021
 - 1449.17, 0.02
 - 1193.84, 0.016
 - 1071.38, 0.038
1764.76
 - 1278.9, 0.81
1794.3
 - 1642.63, 0.0008
 - 1278.9, 0.29
 - 1193.84, 0.031
 - 1071.38, 0.049
 - 0, 0.21
1819.34
 - 1684.14, 0.0017
 - 1357.65, 0.12
 - 1071.38, 1.08
 - 1046.17, 0.1
 - 773.35, 0.2
 - 333.99, 0.42
1821.87
 - 1642.63, 0.0017
 - 1449.17, 0.26
 - 1357.65, 0.42
 - 1278.9, 0.17
1822.53
 - 773.35, 0.5
1843.6
 P 0, 1
1927.29
 - 1417.32, 0.15
 - 1165.71, 0.18
1950.94
 - 1642.63, 0.014
 - 773.35, 0.65
1970.42
 - 1819.34, 0.0008
 - 1684.14, 0.014
 - 1071.38, 0.21
 - 773.35, 0.24
 - 333.99, 0.17
2020.24
 - 1504.6, 0.29
 - 773.35, 0.56
2024.58
 - 1819.34, 0.027
 - 1642.63, 0.07
 - 1504.6, 0.22
 - 1449.17, 0.03
 - 1417.32, 0.067
 - 1357.65, 0.16
 - 1193.84, 0.77
2035.4
 - 1278.9, 0.17
 - 773.35, 0.81
2062.81
 - 1794.3, 0.0067
 - 1504.6, 0.23
 - 1193.84, 0.26
 - 1046.17, 0.5
2095.35
 - 1822.53, 0.055
 - 1504.6, 0.13
 - 1278.9, 0.13
 - 773.35, 0.95
2117.15
 - 1642.63, 0.015
 - 1071.38, 0.08
2152.62
 - 1642.63, 0.15
 - 1504.6, 0.079
 - 1357.65, 0.068
 - 773.35, 0.48
2190.9
 - 1193.84, 0.17
2191.11
 - 1950.94, 0.003
 - 1684.14, 0.15
 - 1357.65, 0.27
 - 1071.38, 0.4
2227
 - 0, 0.12
2250
 P 0, 1
2265
 P 0, 1
2295
 P 0, 1
2337
 P 0, 1
2378
 P 0, 1
2461
 P 0, 1
2472
 P 0, 1
2502
 P 0, 1
2575
 P 0, 1
2589
 P 0, 1
2612
 P 0, 1
2657
 P 0, 1
2673
 P 0, 1
2712
 P 0, 1
2731
 P 0, 1
2755
 P 0, 1
2812.9
 P 0, 1
2861
 P 0, 1
2910.5
 P 0, 1
2937
 P 0, 1
2996
 P 0, 1
3031
 P 0, 1
3050.1
 P 0, 1
3080.5
 P 0, 1
3125
 P 0, 1
3183
 P 0, 1
3226
 P 0, 1
3244
 P 0, 1
3276
 P 0, 1
3326
 P 0, 1
3390
 P 0, 1
3449
 P 0, 1
3490
 P 0, 1
3507.6
 P 0, 1
3528
 P 0, 1
3567
 P 0, 1
3591
 P 0, 1
3648
 P 0, 1
3700
 P 0, 1
3731
 P 0, 1
3754
 P 0, 1
3777.6
 P 0, 1
3791
 P 0, 1
3803.6
 P 0, 1
3839
 P 0, 1
3852.6
 P 0, 1
3877
 P 0, 1
3908
 P 0, 1
3944
 P 0, 1
3971
 P 0, 1
4001
 P 0, 1
4016.6
 P 0, 1
4045.6
 P 0, 1
4083.6
 P 0, 1
4242.6
 P 0, 1
4304.6
 P 0, 1
4354.6
 P 0, 1
4381.6
 P 0, 1
4419.6
 P 0, 1
4456.6
 P 0, 1
4513.6
 P 0, 1
4554.6
 P 0, 1
4690.6
 P 0, 1
4766.6
 P 0, 1
4784.6
 P 0, 1
4813.6
 P 0, 1
5019.6
 P 0, 1
5180.6
 P 0, 1
5238.6
 P 0, 1
5259.6
 P 0, 1
5332.6
 P 0, 1
5373.6
 P 0, 1
5409.6
 P 0, 1
5432.6
 P 0, 1
5458.6
 P 0, 1
5479.6
 P 0, 1
5489.6
 P 0, 1
5543.6
 P 0, 1
5584.6
 P 0, 1
5619.6
 P 0, 1
5655.6
 P 0, 1
5706.6
 P 0, 1
5801.6
 P 0, 1
5824.6
 P 0, 1
5866.6
 P 0, 1
5906.6
 P 0, 1
5928.6
 P 0, 1
5947.6
 P 0, 1
6025.6
 P 0, 1
6049.6
 P 0, 1
6059.6
 P 0, 1
6073.6
 P 0, 1
6095.6
 P 0, 1
6109.6
 P 0, 1
6127.6
 P 0, 1
6143.6
 P 0, 1
6160.6
 P 0, 1
6174.6
 P 0, 1
6249.6
 P 0, 1
6280.9
 P 0, 1
6312.9
 P 0, 1
6368.6
 P 0, 1
6389.1
 P 0, 1
6433.8
 P 0, 1
6450.6
 P 0, 1
6473.6
 P 0, 1
6488.6
 P 0, 1
6535.6
 P 0, 1
6555.1
 P 0, 1
6596.9
 P 0, 1
6691.9
 P 0, 1
6764.5
 P 0, 1
6835.3
 P 0, 1
6878.1
 P 0, 1
6894.2
 P 0, 1
6922.6
 P 0, 1
6963.7
 P 0, 1
7986.6
 U 4001, 0.06
 U 3971, 0.04
 U 3944, 0.08
 U 3908, 0.03
 U 3877, 0.04
 U 3839, 0.02
 U 3803.6, 0.03
 U 3777.6, 0.03
 U 3754, 0.1
 U 3731, 0.05
 U 3700, 0.02
 U 3648, 0.05
 U 3591, 0.15
 U 3567, 0.06
 U 3528, 0.06
 U 3490, 0.06
 U 3449, 0.09
 U 3390, 0.07
 U 3326, 0.06
 U 3183, 0.39
 U 3125, 0.11
 U 3031, 0.02
 U 2996, 0.03
 U 2755, 0.03
 U 2712, 0.11
 U 2673, 0.04
 U 2657, 0.02
 U 2589, 0.03
 U 2575, 0.07
 U 2502, 0.1
 U 2461, 0.38
 U 2378, 0.06
 U 2295, 0.019
 U 2265, 0.07
 U 2250, 0.02
 - 2191.11, 0.03
 - 2152.62, 0.048
 - 2095.35, 0.044
 - 2062.81, 0.086
 - 2024.58, 0.12
 - 1970.42, 0.06
 - 1950.94, 0.015
 U 1843.6, 0.01
 - 1684.14, 0.01
 - 1642.63, 0.033
 - 1504.6, 0.04
 - 1449.17, 0.13
 - 1071.38, 0.01
 - 773.35, 0.47
 U 6963.7, 0.16
 U 6922.6, 0.095
 U 6894.2, 0.106
 U 6878.1, 0.064
 U 6878.1, 0.058
 U 6835.3, 0.099
 U 6764.5, 0.098
 U 6691.9, 0.29
 U 6596.9, 0.11
 U 6555.1, 0.11
 U 6535.6, 0.23
 U 6488.6, 0.2
 U 6488.6, 0.04
 U 6473.6, 0.2
 U 6450.6, 0.2
 U 6433.8, 0.24
 U 6389.1, 0.25
 U 6368.6, 0.2
 U 6312.9, 0.39
 U 6280.9, 0.36
 U 6249.6, 0.15
 U 6174.6, 0.2
 U 6160.6, 0.37
 U 6143.6, 0.3
 U 6127.6, 0.34
 U 6127.6, 0.07
 U 6109.6, 0.2
 U 6095.6, 0.4
 U 6073.6, 0.3
 U 6059.6, 0.45
 U 6049.6, 0.12
 U 6025.6, 0.34
 U 5947.6, 0.26
 U 5928.6, 0.4
 U 5906.6, 0.24
 U 5866.6, 0.42
 U 5824.6, 0.18
 U 5801.6, 0.3
 U 5706.6, 0.19
 U 5655.6, 0.25
 U 5619.6, 0.5
 U 5584.6, 0.11
 U 5543.6, 0.07
 U 5489.6, 0.09
 U 5479.6, 0.09
 U 5458.6, 0.1
 U 5432.6, 0.08
 U 5409.6, 0.1
 U 5373.6, 0.11
 U 5332.6, 0.09
 U 5259.6, 0.06
 U 5238.6, 0.07
 U 5180.6, 0.06
 U 5019.6, 0.07
 U 4813.6, 0.11
 U 4784.6, 0.07
 U 4766.6, 0.09
 U 4690.6, 0.1
 U 4554.6, 0.07
 U 4513.6, 0.09
 U 4456.6, 0.05
 U 4419.6, 0.08
 U 4381.6, 0.05
 U 4354.6, 0.05
 U 4304.6, 0.08
 U 4242.6, 0.06
 U 4083.6, 0.04
 U 4045.6, 0.06
 U 4016.6, 0.05
 U 3852.6, 0.04
 U 3507.6, 0.17
