54.48
 P 0, 1
63.84
 - 0, 207
115.57
 P 0, 1
131.45
 P 0, 1
180.15
 P 0, 1
228.12
 P 0, 1
272.25
 P 0, 1
434.4
 U 115.57, 43
 - 63.84, 100
474.59
 - 63.84, 313
 U 54.48, 16.3
514.69
 U 115.57, 9.8
 - 63.84, 11.6
524.76
 U 131.45, 5.7
 U 115.57, 97.9
 - 63.84, 35.3
 - 0, 10.8
566
 P 0, 1
607.49
 U 180.15, 21.6
 U 115.57, 13.3
682.83
 - 474.59, 58
 - 0, 25
683.05
 U 115.57, 10
 - 63.84, 170
 U 54.48, 5.4
686.53
 U 115.57, 46.5
 - 63.84, 25.8
696
 P 0, 1
701.4
 - 0, 140
729.21
 U 54.48, 138
 - 0, 66
739
 P 0, 1
751.25
 U 115.57, 7.7
 - 63.84, 90.3
 U 54.48, 7.7
762.73
 - 474.59, 15.6
 - 0, 88.9
771.4
 U 180.15, 6.7
 U 115.57, 9
 - 63.84, 5.1
788.53
 U 131.45, 31
 U 54.48, 38.8
793.65
 - 434.4, 6.3
 U 54.48, 6.3
 - 0, 75.8
809.11
 - 524.76, 8
 - 474.59, 9.2
 U 54.48, 100
 - 0, 24
814.04
 - 474.59, 8.5
 U 115.57, 15.1
 - 63.84, 19.5
 U 54.48, 10.5
 - 0, 9.1
816.25
 U 131.45, 5.1
 - 63.84, 20.9
 - 0, 5.4
827
 P 0, 1
841.06
 U 228.12, 4.2
 - 0, 10.9
875
 P 0, 1
919.96
 U 272.25, 5.5
 U 54.48, 8
952
 P 0, 1
974.1
 P 0, 1
1041.26
 - 0, 19.6
1049.98
 - 434.4, 9
 U 115.57, 145
 - 63.84, 25.4
1059.7
 - 474.59, 9.8
 - 434.4, 3.2
 - 0, 10.6
1063
 P 0, 1
1093
 P 0, 1
1156.6
 P 0, 1
1231.36
 U 180.15, 9.5
 - 63.84, 8.7
1247.16
 - 686.53, 19.3
 - 524.76, 14.7
 - 474.59, 11
 - 0, 10.7
1282.3
 P 0, 1
1316.37
 - 0, 23.2
1349.07
 - 63.84, 23.6
 - 0, 12.6
1387.05
 - 0, 34.9
1486.6
 P 0, 1
1490.05
 U 54.48, 8.6
 - 0, 22.1
1521.27
 - 63.84, 3.9
1526.12
 - 0, 25.1
1539.8
 P 0, 1
1568.33
 P 0, 1
1589.68
 - 0, 16.7
1614.04
 U 131.45, 5.5
 U 115.57, 7.5
 - 0, 9.3
1658.68
 U 54.48, 6.8
 - 0, 6.2
1667.65
 - 0, 21.1
1717.7
 P 0, 1
1738.4
 P 0, 1
1750.2
 P 0, 1
1798.6
 P 0, 1
1824.37
 - 63.84, 13.4
1844.93
 - 514.69, 29.2
 U 180.15, 3.9
1856.3
 P 0, 1
1867.92
 - 63.84, 3.7
 - 0, 6.1
1889.2
 P 0, 1
1919
 P 0, 1
1927.46
 U 115.57, 7
 - 0, 14.3
1936.3
 P 0, 1
1951.7
 P 0, 1
1956.2
 P 0, 1
1973.6
 P 0, 1
1984.2
 P 0, 1
1991.4
 P 0, 1
1995.6
 P 0, 1
2039.6
 P 0, 1
2044.7
 P 0, 1
2051.5
 P 0, 1
4204.1
 P 0, 1
4226.96
 P 0, 1
4286.96
 P 0, 1
4303.66
 P 0, 1
4325.01
 P 0, 1
4353.36
 P 0, 1
4369.86
 P 0, 1
4386.07
 P 0, 1
4468.21
 P 0, 1
4483.15
 P 0, 1
4503.92
 P 0, 1
4570.46
 P 0, 1
4617.31
 P 0, 1
4630.16
 P 0, 1
4641.07
 P 0, 1
4663.76
 P 0, 1
4697.26
 P 0, 1
4710.55
 P 0, 1
4722.22
 P 0, 1
4742.15
 P 0, 1
4767.35
 P 0, 1
4784.36
 P 0, 1
4794.46
 P 0, 1
4810.85
 P 0, 1
4845.37
 P 0, 1
4887.57
 P 0, 1
4899.29
 P 0, 1
4911.85
 P 0, 1
4936.25
 P 0, 1
4957.52
 P 0, 1
4970.08
 P 0, 1
4995.5
 P 0, 1
5008.56
 P 0, 1
5040.93
 P 0, 1
5054.8
 P 0, 1
5076.64
 P 0, 1
5091.26
 P 0, 1
5141.1
 P 0, 1
5152.49
 P 0, 1
5227.87
 P 0, 1
5238.18
 P 0, 1
5249.96
 P 0, 1
5273.37
 P 0, 1
5286.06
 P 0, 1
5323.97
 P 0, 1
5338.29
 P 0, 1
6359.86
 U 2051.5, 3.7
 U 2044.7, 3
 U 2039.6, 7.1
 U 1995.6, 6.3
 U 1991.4, 3.5
 U 1984.2, 5.8
 U 1973.6, 4.5
 U 1956.2, 3.7
 U 1951.7, 1.4
 U 1936.3, 3.8
 U 1919, 7
 U 1889.2, 1.4
 U 1856.3, 46
 - 1844.93, 17
 - 1824.37, 159
 U 1798.6, 37
 U 1750.2, 76
 U 1738.4, 188
 U 1717.7, 80
 - 1667.65, 96
 - 1658.68, 44
 - 1614.04, 302
 - 1589.68, 35
 U 1568.33, 42
 U 1539.8, 15
 - 1526.12, 173
 - 1521.27, 21
 - 1490.05, 17
 U 1486.6, 21
 - 1387.05, 195
 - 1349.07, 72
 - 1316.37, 38
 U 1282.3, 43
 - 1247.16, 63
 U 1156.6, 17
 U 1093, 32
 - 1041.26, 28
 U 974.1, 15
 - 809.11, 364
 - 793.65, 554
 - 762.73, 202
 - 751.25, 19
 - 729.21, 185
 - 701.4, 37
 - 682.83, 102
 - 524.76, 12
 - 474.59, 121
 - 63.84, 42
 - 0, 1860
 U 5338.29, 6.8
 U 5338.29, 5.7
 U 5338.29, 7.6
 U 5323.97, 18.2
 U 5286.06, 11.4
 U 5273.37, 12.3
 U 5249.96, 16.6
 U 5249.96, 5.6
 U 5238.18, 6.7
 U 5238.18, 6.8
 U 5227.87, 11.7
 U 5152.49, 11.2
 U 5152.49, 4.3
 U 5141.1, 12.1
 U 5091.26, 16
 U 5076.64, 36.5
 U 5054.8, 6.5
 U 5054.8, 3.6
 U 5040.93, 4.4
 U 5008.56, 6.8
 U 4995.5, 5.3
 U 4995.5, 16.3
 U 4970.08, 9.2
 U 4970.08, 4.9
 U 4957.52, 7.5
 U 4936.25, 5.7
 U 4936.25, 4.1
 U 4936.25, 10
 U 4911.85, 7.5
 U 4899.29, 7.1
 U 4899.29, 8.4
 U 4899.29, 8.4
 U 4887.57, 4.8
 U 4845.37, 3.1
 U 4845.37, 13.7
 U 4810.85, 6
 U 4810.85, 7.3
 U 4794.46, 3.1
 U 4794.46, 4.3
 U 4794.46, 4.4
 U 4784.36, 3
 U 4784.36, 3.1
 U 4784.36, 6.5
 U 4767.35, 8.1
 U 4742.15, 7.2
 U 4742.15, 7.1
 U 4742.15, 5.8
 U 4722.22, 8.5
 U 4722.22, 5.8
 U 4722.22, 2.9
 U 4710.55, 6.8
 U 4710.55, 4.5
 U 4710.55, 4
 U 4710.55, 4.4
 U 4697.26, 3.3
 U 4663.76, 10.5
 U 4663.76, 7.4
 U 4641.07, 6.4
 U 4630.16, 4.1
 U 4617.31, 5.3
 U 4617.31, 5.1
 U 4617.31, 3.3
 U 4617.31, 5.7
 U 4570.46, 3.4
 U 4570.46, 10
 U 4503.92, 7.1
 U 4503.92, 4.5
 U 4483.15, 5.3
 U 4468.21, 8.5
 U 4468.21, 3.5
 U 4468.21, 6.3
 U 4386.07, 6.2
 U 4386.07, 5.4
 U 4386.07, 3
 U 4386.07, 9.2
 U 4369.86, 4
 U 4369.86, 5.5
 U 4369.86, 2.3
 U 4369.86, 8.1
 U 4353.36, 3.6
 U 4353.36, 3.8
 U 4353.36, 2.2
 U 4325.01, 6
 U 4325.01, 4.3
 U 4303.66, 2.7
 U 4303.66, 5.1
 U 4286.96, 16.3
 U 4226.96, 6.5
 U 4226.96, 7.9
 U 4204.1, 9.8
