50.624
 P 0, 1
67.89
 P 0, 1
118.75
 P 0, 1
121.85
 P 0, 1
146.324
 U 50.624, 2.6
 - 0, 1.44
227.438
 U 67.89, 0.34
330.477
 - 146.324, 0.41
466
 P 0, 1
507.739
 - 0, 5.2
558.213
 U 50.624, 3.7
 - 0, 2.7
588.478
 U 121.85, 1.43
 U 50.624, 1.38
 - 0, 0.15
601.976
 U 67.89, 0.28
 U 50.624, 2.08
 - 0, 4.3
633.63
 U 50.624, 0.23
 - 0, 0.36
637
 P 0, 1
646.637
 U 121.85, 0.95
 U 50.624, 0.79
 - 0, 1.33
675
 P 0, 1
684
 P 0, 1
710.29
 U 121.85, 0.084
 U 50.624, 0.29
732.93
 U 67.89, 0.2
744.386
 U 67.89, 1.71
 U 50.624, 0.49
 - 0, 0.6
781.573
 - 507.739, 0.17
 U 67.89, 0.97
 - 0, 0.97
800.45
 U 121.85, 0.25
 U 118.75, 0.73
 U 67.89, 0.15
 - 0, 0.23
818.981
 - 646.637, 0.27
 U 118.75, 1
 U 67.89, 0.48
 U 50.624, 0.28
858.57
 U 118.75, 0.74
 U 67.89, 1.52
 U 50.624, 0.43
 - 0, 0.75
872.66
 - 146.324, 0.12
 U 118.75, 0.29
 U 67.89, 0.73
881.01
 U 67.89, 0.15
915.828
 - 601.976, 0.23
960
 P 0, 1
974.366
 - 558.213, 0.23
 - 507.739, 1.43
 - 0, 0.45
1001.65
 U 50.624, 0.29
 - 0, 0.66
1044
 P 0, 1
1061.63
 - 0, 1.64
1079.36
 - 146.324, 1.2
 U 50.624, 1.13
1082.54
 U 118.75, 1.2
 U 67.89, 0.65
 - 0, 0.49
1110.17
 - 146.324, 1.2
1129.07
 U 50.624, 1
 - 0, 1.16
1139.85
 - 781.573, 0.17
 - 558.213, 0.11
 - 0, 1.93
1145.61
 - 781.573, 0.26
 U 50.624, 0.84
1160.52
 U 227.438, 1.2
1284
 P 0, 1
1337
 P 0, 1
1390
 P 0, 1
1432
 P 0, 1
1559
 P 0, 1
1609
 P 0, 1
1638
 P 0, 1
1722
 P 0, 1
1841
 P 0, 1
1898
 P 0, 1
1981
 P 0, 1
1992
 P 0, 1
2158
 P 0, 1
2197
 P 0, 1
2296
 P 0, 1
4821.81
 P 0, 1
4942.7
 P 0, 1
5943.21
 U 2296, 0.18
 U 2197, 0.17
 U 2158, 0.22
 U 1992, 0.2
 U 1981, 0.11
 U 1898, 0.49
 U 1841, 0.27
 U 1722, 0.21
 U 1638, 0.23
 U 1609, 0.15
 U 1559, 0.2
 U 1432, 0.07
 U 1390, 0.09
 U 1337, 0.12
 U 1284, 0.17
 - 1139.85, 1.2
 - 1129.07, 0.26
 - 1110.17, 0.19
 - 1079.36, 0.53
 U 1044, 0.1
 - 974.366, 0.14
 U 960, 0.21
 - 781.573, 0.16
 - 744.386, 0.24
 U 684, 0.13
 U 675, 0.23
 U 637, 0.19
 - 601.976, 0.3
 - 558.213, 0.86
 - 507.739, 1.6
 U 466, 0.2
 - 0, 4.5
 U 4942.7, 0.82
 U 4821.81, 0.45
