314
 P 0, 1
355
 P 0, 1
394.7
 - 0, 4.3
804.3
 - 0, 0.79
824
 U 355, 4.3
851
 P 0, 1
898
 P 0, 1
1036
 P 0, 1
1128
 P 0, 1
1273
 - 0, 1
1311
 P 0, 1
1338
 - 0, 0.53
1380
 P 0, 1
1408
 P 0, 1
1490
 - 0, 1.4
1523
 P 0, 1
1545
 P 0, 1
1751
 P 0, 1
1803
 P 0, 1
1848
 P 0, 1
1923
 P 0, 1
5635.4
 U 1923, 0.71
 U 1848, 1.1
 U 1803, 0.65
 U 1751, 0.51
 U 1545, 0.61
 U 1523, 0.28
 - 1490, 0.35
 U 1408, 0.91
 U 1380, 1
 - 1338, 1.6
 U 1311, 0.98
 - 1273, 0.18
 U 1128, 0.24
 U 1036, 0.24
 U 898, 0.14
 U 851, 0.2
 U 824, 0.22
 - 394.7, 0.57
 U 355, 4.7
 U 314, 0.87
