73.392
 - 0, 8.5
 E 0, 75.565
242.23
 - 73.392, 21.5
 E 73.392, 9.0085
501.32
 - 242.23, 2
 E 242.23, 0.2036
761.8
 - 242.23, 0.35
 - 73.392, 24
 - 0, 18
828.19
 - 242.23, 6
 E 242.23, 0.063
 - 73.392, 23
915.98
 - 761.8, 0.06
 - 501.32, 6.2
 - 242.23, 10
 E 242.23, 0.111
 - 73.392, 3.4
976.88
 - 828.19, 1.9
 - 761.8, 13.3
 E 761.8, 0.5453
1024.63
 - 242.23, 1.3
1039.3
 - 915.98, 0.93
 - 828.19, 3.8
 E 828.19, 0.16036
 - 761.8, 7.3
 - 73.392, 0.7
1122.76
 - 1024.63, 0.2
 - 976.88, 0.078
 - 915.98, 1
 - 828.19, 5.2
1155.5
 - 501.32, 0.2
 - 242.23, 2.7
1225.15
 - 1039.3, 0.12
 - 1024.63, 0.21
 - 915.98, 1.6
1587.8
 - 1039.3, 1
 - 976.88, 1
1790.6
 P 0, 1
1798
 P 0, 1
1804.8
 P 0, 1
1842
 P 0, 1
1853.8
 P 0, 1
1921.5
 P 0, 1
1932
 P 0, 1
1978
 P 0, 1
2052.9
 P 0, 1
2114.2
 P 0, 1
2124.2
 P 0, 1
2151.7
 P 0, 1
2173
 - 828.19, 0.24
 - 761.8, 0.82
 - 242.23, 0.263
2202.7
 P 0, 1
2242.3
 P 0, 1
2249
 P 0, 1
2252
 P 0, 1
2256
 P 0, 1
2270.6
 P 0, 1
2302.4
 P 0, 1
2307
 P 0, 1
2350.7
 P 0, 1
2440.5
 P 0, 1
2460
 P 0, 1
2523.1
 P 0, 1
2531.6
 P 0, 1
2536.5
 P 0, 1
2581.3
 P 0, 1
2612
 P 0, 1
2665.2
 P 0, 1
2737.5
 P 0, 1
2753.6
 P 0, 1
2860.4
 P 0, 1
2985.2
 P 0, 1
3058.8
 P 0, 1
3097.7
 P 0, 1
3126.8
 P 0, 1
3160.1
 P 0, 1
3185.4
 P 0, 1
3308.4
 P 0, 1
3356.8
 P 0, 1
3403
 P 0, 1
3512.7
 P 0, 1
3520.1
 P 0, 1
3538.2
 P 0, 1
3603.2
 P 0, 1
3661.1
 P 0, 1
3914.9
 P 0, 1
4189
 P 0, 1
4214
 P 0, 1
4393.7
 P 0, 1
4485.3
 P 0, 1
4588.5
 P 0, 1
4622.9
 P 0, 1
4654.7
 P 0, 1
4694.6
 P 0, 1
4757.7
 P 0, 1
4788.8
 P 0, 1
4824
 P 0, 1
4964.6
 P 0, 1
6555.11
 P 0, 1
6654.11
 P 0, 1
7658.11
 U 2460, 0.63
 U 2302.4, 0.22
 U 2249, 0.28
 U 1978, 0.94
 U 1932, 1.14
 U 1921.5, 0.78
 U 1842, 0.13
 U 1798, 1.26
 - 1039.3, 0.1
 - 976.88, 0.16
 - 828.19, 0.71
 - 761.8, 0.26
 - 242.23, 0.49
 - 73.392, 0.33
