198
 - 0, 50.88
278.8
 - 0, 5.28
707
 - 0, 5.92
736.2
 - 198, 1.248
794.2
 - 0, 1.488
904.5
 - 198, 5.92
 - 0, 7.2
1220.1
 - 278.8, 1.92
 - 198, 1.136
 - 0, 1.28
1263.9
 - 904.5, 2.4
 - 707, 2.08
1334.2
 P 0, 1
1373.4
 - 198, 1.056
1496.1
 - 198, 1.344
1519.6
 P 0, 1
1627
 P 0, 1
1722.9
 P 0, 1
1756.5
 P 0, 1
1796.9
 P 0, 1
1962
 P 0, 1
1976.4
 P 0, 1
2036.8
 P 0, 1
2053
 P 0, 1
2064.1
 P 0, 1
2087.3
 P 0, 1
2104.1
 - 0, 2.4
2133.6
 P 0, 1
2160.6
 P 0, 1
2192.6
 P 0, 1
2217.6
 P 0, 1
2238.6
 P 0, 1
2282.6
 P 0, 1
2331.6
 P 0, 1
2341.6
 P 0, 1
2382.6
 P 0, 1
2402.6
 P 0, 1
2437.6
 P 0, 1
2468.6
 P 0, 1
2480.6
 P 0, 1
2493.6
 P 0, 1
2517.6
 P 0, 1
2553.6
 P 0, 1
2582.6
 P 0, 1
2603.6
 P 0, 1
2618.6
 P 0, 1
2645.6
 P 0, 1
2663.6
 P 0, 1
2724.6
 P 0, 1
2741.6
 P 0, 1
2768.6
 P 0, 1
2783.6
 P 0, 1
2794.6
 P 0, 1
2810.6
 P 0, 1
2827.6
 P 0, 1
2844.6
 P 0, 1
2863.6
 P 0, 1
2884.6
 P 0, 1
2920.6
 P 0, 1
2934.6
 P 0, 1
3026.6
 P 0, 1
3036.6
 P 0, 1
3054.6
 P 0, 1
3085.6
 P 0, 1
3117.6
 P 0, 1
3136.6
 P 0, 1
3166.6
 P 0, 1
3213.6
 P 0, 1
3233.6
 P 0, 1
3261.6
 P 0, 1
3274.6
 P 0, 1
4246.7
 P 0, 1
4446.6
 P 0, 1
5681.6
 - 2104.1, 3.84
 U 2087.3, 0.672
 U 2064.1, 0.64
 U 2053, 1.328
 U 2036.8, 0.688
 U 1976.4, 0.96
 U 1962, 0.704
 U 1796.9, 0.448
 U 1756.5, 0.368
 U 1722.9, 0.16
 U 1627, 1.6
 U 1519.6, 0.64
 - 1496.1, 2.24
 - 1373.4, 0.208
 U 1334.2, 0.208
 - 1263.9, 0.48
 - 1220.1, 4.96
 - 904.5, 1.216
 - 707, 0.144
 - 198, 0.112
 U 4446.6, 1.76
 U 4246.7, 0.88
 U 3274.6, 0.848
 U 3261.6, 0.784
 U 3233.6, 0.8
 U 3213.6, 0.496
 U 3166.6, 0.784
 U 3166.6, 0.672
 U 3136.6, 0.64
 U 3117.6, 0.848
 U 3085.6, 1.008
 U 3054.6, 0.336
 U 3036.6, 0.56
 U 3026.6, 0.336
 U 2934.6, 0.48
 U 2920.6, 0.48
 U 2884.6, 0.496
 U 2863.6, 0.816
 U 2863.6, 0.416
 U 2844.6, 0.416
 U 2827.6, 0.512
 U 2810.6, 0.416
 U 2794.6, 0.416
 U 2783.6, 0.4
 U 2768.6, 0.4
 U 2724.6, 0.592
 U 2663.6, 0.528
 U 2645.6, 0.96
 U 2618.6, 0.528
 U 2603.6, 0.912
 U 2603.6, 0.672
 U 2582.6, 0.848
 U 2553.6, 0.672
 U 2553.6, 0.864
 U 2517.6, 0.832
 U 2493.6, 0.512
 U 2480.6, 0.88
 U 2468.6, 0.528
 U 2437.6, 0.528
 U 2402.6, 0.32
 U 2382.6, 0.512
 U 2341.6, 0.352
 U 2331.6, 0.256
 U 2282.6, 0.384
 U 2282.6, 0.544
 U 2238.6, 0.48
 U 2238.6, 0.48
 U 2217.6, 0.4
 U 2192.6, 0.256
 U 2160.6, 0.8
 U 2133.6, 1.28
