64.55
 - 0, 9.324
74.56
 - 0, 1.85
92.13
 - 64.55, 1.036
177.03
 - 92.13, 0.3922
224.14
 - 74.56, 2.738
 - 64.55, 3.034
241.96
 - 74.56, 0.4218
243.57
 - 92.13, 3.256
285.4
 - 177.03, 0.1554
562.04
 - 92.13, 1.776
 - 64.55, 6.364
 - 0, 1.702
599.31
 - 92.13, 0.703
 - 74.56, 2.072
 - 64.55, 1.184
 - 0, 2.886
654.05
 - 224.14, 3.922
 - 74.56, 0.1258
 - 64.55, 1.776
714.54
 - 92.13, 0.111
 - 74.56, 0.6216
 - 64.55, 1.998
 - 0, 3.626
739.7
 - 74.56, 0.3404
769.51
 - 224.14, 0.1998
 - 74.56, 1.776
 - 64.55, 1.48
853.4
 - 92.13, 0.3552
 - 74.56, 0.3848
 - 64.55, 0.7326
 - 0, 0.3552
860.1
 - 243.57, 0.2368
 - 74.56, 2.59
 - 64.55, 1.85
1081.72
 - 92.13, 3.996
1094.36
 - 92.13, 0.74
 - 74.56, 1.332
 - 64.55, 1.702
 - 0, 5.106
1117.3
 - 177.03, 0.2516
 - 74.56, 0.6586
 - 64.55, 1.48
 - 0, 0.4662
1142.8
 P 0, 1
1145.4
 - 714.54, 3.922
 - 599.31, 0.1998
 - 177.03, 0.6142
 - 92.13, 1.48
 - 74.56, 0.148
1360.1
 - 599.31, 0.148
 - 562.04, 0.5106
 - 64.55, 0.2294
 - 0, 0.3478
1386.87
 - 1094.36, 0.0814
 - 654.05, 3.182
 - 599.31, 0.444
 - 92.13, 0.2294
 - 74.56, 0.3848
 - 64.55, 0.333
 - 0, 0.2516
1470.7
 P 0, 1
1483.9
 P 0, 1
1488
 P 0, 1
1529.6
 P 0, 1
1553.7
 P 0, 1
1647.2
 P 0, 1
1667.5
 P 0, 1
1680
 P 0, 1
1710.1
 P 0, 1
1783.6
 P 0, 1
1795.3
 P 0, 1
1806.3
 P 0, 1
1819.7
 P 0, 1
1826
 P 0, 1
1839.3
 P 0, 1
1848.4
 P 0, 1
1867.2
 P 0, 1
1897.7
 P 0, 1
1928.8
 P 0, 1
1948
 P 0, 1
1955.3
 P 0, 1
1978.9
 P 0, 1
1997
 P 0, 1
2029.3
 P 0, 1
2047.1
 P 0, 1
2063
 P 0, 1
2112.5
 P 0, 1
2125.2
 P 0, 1
2141
 P 0, 1
2165.5
 P 0, 1
2180.4
 P 0, 1
2185.2
 P 0, 1
2219.4
 P 0, 1
2225.3
 P 0, 1
2237.9
 P 0, 1
4579.97
 P 0, 1
4595.27
 P 0, 1
4609.87
 P 0, 1
4647.17
 P 0, 1
4672.37
 P 0, 1
4687.77
 P 0, 1
4711.27
 P 0, 1
4733.07
 P 0, 1
4881.27
 P 0, 1
4924.67
 P 0, 1
4956.57
 P 0, 1
4989.37
 P 0, 1
6003.17
 U 2237.9, 0.2664
 U 2225.3, 0.1258
 U 2219.4, 0.407
 U 2185.2, 0.3034
 U 2180.4, 1.258
 U 2165.5, 0.037
 U 2141, 0.0518
 U 2125.2, 1.11
 U 2112.5, 0.1332
 U 2063, 0.2442
 U 2047.1, 0.074
 U 2029.3, 0.1776
 U 1997, 0.6068
 U 1978.9, 0.1628
 U 1955.3, 0.0666
 U 1948, 0.1036
 U 1928.8, 1.702
 U 1897.7, 0.4514
 U 1867.2, 0.1998
 U 1848.4, 0.2294
 U 1839.3, 0.2146
 U 1826, 0.1406
 U 1819.7, 0.0666
 U 1806.3, 0.037
 U 1795.3, 0.1332
 U 1783.6, 0.2886
 U 1710.1, 0.1998
 U 1680, 0.0814
 U 1667.5, 0.037
 U 1647.2, 0.3108
 U 1553.7, 0.2664
 U 1529.6, 0.2516
 U 1488, 0.222
 U 1483.9, 0.1036
 U 1470.7, 0.3256
 - 1386.87, 4.44
 U 1142.8, 0.1332
 - 1117.3, 0.2294
 - 1094.36, 7.622
 - 1081.72, 0.1998
 - 860.1, 0.5624
 - 714.54, 0.0888
 - 562.04, 2.22
 - 64.55, 4.884
 - 0, 0.0888
 U 4989.37, 1.85
 U 4956.57, 0.3404
 U 4924.67, 0.6882
 U 4881.27, 0.1702
 U 4733.07, 0.0962
 U 4733.07, 0.3108
 U 4733.07, 0.185
 U 4711.27, 0.1406
 U 4687.77, 0.1702
 U 4672.37, 0.222
 U 4647.17, 0.259
 U 4609.87, 0.2072
 U 4609.87, 0.2812
 U 4595.27, 0.3108
 U 4595.27, 1.11
 U 4595.27, 0.222
 U 4579.97, 0.6216
