5.0362
 P 0, 1
71.977
 P 0, 1
116.657
 U 5.0362, 46.2
 - 0, 6.4
129.054
 U 5.0362, 36.2
189.957
 P 0, 1
234.887
 P 0, 1
249.716
 P 0, 1
326.811
 U 129.054, 12.7
 - 116.657, 6.6
347.96
 U 129.054, 4.4
424.956
 U 129.054, 29.9
 - 116.657, 63
520.319
 - 424.956, 3.1
635.539
 - 520.319, 1.2
 - 424.956, 53.2
675.788
 U 5.0362, 29
 - 0, 34
737.73
 - 116.657, 24
 U 5.0362, 10.5
750.127
 U 129.054, 24
 U 5.0362, 31
754.841
 U 5.0362, 13
 - 0, 17
822.345
 - 326.811, 2.1
 U 129.054, 85
 - 116.657, 9.3
884.318
 - 116.657, 33
 - 0, 35
912.947
 - 635.539, 13.1
 - 116.657, 28.8
998.625
 - 912.947, 1.4
 - 116.657, 6.6
1036.4
 - 116.657, 19.1
1284.97
 - 912.947, 7
 - 884.318, 4.1
 - 822.345, 15.9
 - 822.345, 14.9
 - 754.841, 14.8
 U 750.127, 7.7
 - 675.788, 15.3
 - 675.788, 7.5
 - 635.539, 7.5
 - 635.539, 69.5
 - 520.319, 15
 - 424.956, 32.3
 U 347.96, 8.6
 U 347.96, 19.2
 U 347.96, 23.8
 U 347.96, 19.5
 U 347.96, 20.6
 U 347.96, 11.8
 - 326.811, 30.6
 - 326.811, 21.9
 - 326.811, 53
 U 249.716, 46.3
 U 249.716, 18.6
 U 234.887, 18.8
 U 189.957, 20.8
 U 71.977, 32.1
 U 71.977, 32
