78.742
 - 0, 8.064
260.269
 - 78.742, 6.363
539.987
 - 260.269, 0.1197
1042.94
 - 78.742, 2.772
 - 0, 0.004788
1117.9
 - 260.269, 2.52
 - 78.742, 2.646
 - 0, 1.0395
1154.99
 - 78.742, 6.3
 - 0, 1.2033
1172.41
 - 260.269, 0.5922
 - 78.742, 2.961
1198.52
 - 78.742, 5.544
1221.76
 - 260.269, 1.449
 - 78.742, 1.2852
1263.06
 - 1172.41, 0.1197
 - 260.269, 0.1575
1286.58
 - 539.987, 0.0945
 - 260.269, 0.1827
 - 78.742, 0.0567
1330.74
 - 1198.52, 0.00504
 - 260.269, 0.3024
1351.6
 - 539.987, 0.0819
1375.85
 - 1263.06, 0.009072
 - 1172.41, 0.04662
1405.04
 - 1154.99, 0.04473
 - 1117.9, 0.7497
 - 1042.94, 0.05418
 - 78.742, 0.6615
 - 0, 0.03402
1465.98
 - 260.269, 0.0945
 - 78.742, 1.7199
 - 0, 1.1466
1476.86
 - 1154.99, 0.01197
 - 1117.9, 0.01008
 - 78.742, 1.6191
 - 0, 0.5859
1549.27
 - 260.269, 0.2268
 - 78.742, 0.6993
1587.83
 P 0, 1
1599.9
 - 1198.52, 0.02772
 - 78.742, 2.3373
 - 0, 1.5183
1608.53
 - 1465.98, 0.01701
 - 78.742, 1.1529
 - 0, 0.9828
1632.24
 - 260.269, 0.1008
 - 78.742, 0.315
1640.6
 - 1375.85, 0.03087
 - 1263.06, 0.1449
1662.84
 - 1263.06, 0.1008
 - 1172.41, 0.2079
 - 78.742, 0.4536
1700.7
 - 1263.06, 0.02016
 - 1172.41, 0.2961
 - 78.742, 0.3654
1710.51
 - 1172.41, 0.05922
 - 260.269, 0.3843
 - 78.742, 0.6489
1757.45
 - 1549.27, 0.02961
 - 1465.98, 0.1071
 - 1221.76, 0.0693
 - 1198.52, 0.2457
 - 1154.99, 0.3591
1794.11
 - 1476.86, 0.00882
 - 1405.04, 0.003402
 - 1042.94, 0.0001323
 - 78.742, 1.0836
 - 0, 0.003087
1821.63
 - 1549.27, 0.02835
 - 1221.76, 0.03402
 - 1198.52, 0.05355
 - 1172.41, 0.03087
 - 1154.99, 0.0882
 - 78.742, 0.2961
1849.32
 - 260.269, 0.4536
 - 78.742, 0.882
 - 0, 0.5544
1894.6
 - 1154.99, 0.01512
 - 1117.9, 0.01827
 - 78.742, 0.8883
 - 0, 0.0006489
1920
 P 0, 1
1956.41
 - 1221.76, 0.02898
 - 1117.9, 0.02772
 - 260.269, 0.3465
 - 78.742, 0.4284
 - 0, 0.3339
2010.01
 - 1198.52, 0.0819
 - 1154.99, 0.2457
 - 1117.9, 0.04473
 - 78.742, 0.8505
 - 0, 0.9009
2047.06
 - 1956.41, 0.1197
 - 1154.99, 0.04473
 - 260.269, 0.3276
 - 78.742, 0.7434
2076.21
 - 1710.51, 0.0252
 - 1599.9, 0.1575
 - 1465.98, 0.0378
 - 1221.76, 0.2457
 - 1198.52, 0.06804
 - 78.742, 0.5355
2102.92
 - 1894.6, 0.02961
 - 1405.04, 0.01512
 - 78.742, 0.9765
 - 0, 0.4788
2176.25
 - 1599.9, 0.2457
 - 1154.99, 0.2205
 - 1042.94, 0.1638
2194.4
 - 1608.53, 0.02205
 - 1476.86, 0.0819
 - 1465.98, 0.02772
 - 1198.52, 0.2457
 - 78.742, 0.4725
2195.06
 - 1757.45, 0.02016
 - 1465.98, 0.04032
 - 1042.94, 0.2583
 - 0, 0.8001
2214.07
 - 1894.6, 0.01386
 - 1608.53, 0.1449
 - 1465.98, 0.0945
 - 78.742, 0.5229
2228.68
 - 1956.41, 0.02835
 - 1662.84, 0.1071
 - 1042.94, 0.09009
 - 260.269, 0.7434
2312.94
 - 1286.58, 0.1827
 - 1042.94, 0.126
 - 78.742, 0.504
2317
 - 1894.6, 0.03465
 - 78.742, 0.63
2327.64
 - 1476.86, 0.03276
 - 1465.98, 0.1071
 - 1154.99, 0.1575
 - 0, 1.134
2341.9
 - 2047.06, 0.01008
 - 1608.53, 0.03591
 - 78.742, 0.504
2375.27
 - 2102.92, 0.02835
 - 2010.01, 0.0252
 - 1662.84, 0.02709
 - 78.742, 0.4284
2387.78
 - 2194.4, 0.03024
 - 1757.45, 0.0252
 - 1549.27, 0.02772
 - 1172.41, 0.07812
 - 1154.99, 0.0378
 - 1117.9, 0.126
 - 1042.94, 0.1386
2464.1
 - 2214.07, 0.04473
 - 1221.76, 0.0882
2480.11
 - 1956.41, 0.08631
 - 1894.6, 0.02205
 - 1849.32, 0.0252
 - 1662.84, 0.063
 - 1608.53, 0.12726
 - 1476.86, 0.1575
 - 1465.98, 0.1512
 - 1198.52, 0.1008
 - 78.742, 2.457
2503.9
 P 0, 1
2524.2
 P 0, 1
2534.9
 P 0, 1
2539.2
 P 0, 1
2547
 P 0, 1
2559.5
 P 0, 1
2575.7
 P 0, 1
2582.8
 P 0, 1
2588.5
 P 0, 1
2598.9
 P 0, 1
2607.5
 P 0, 1
2627.9
 P 0, 1
2668.1
 P 0, 1
2676
 P 0, 1
2700.3
 P 0, 1
2732.8
 P 0, 1
2747.3
 P 0, 1
2766.3
 P 0, 1
2776.8
 P 0, 1
2781.4
 P 0, 1
2787.6
 P 0, 1
2808
 P 0, 1
2818.5
 P 0, 1
2834.6
 P 0, 1
2844.3
 P 0, 1
2861.8
 P 0, 1
2872.2
 P 0, 1
2887.3
 P 0, 1
2916.4
 P 0, 1
2943
 P 0, 1
2959.8
 P 0, 1
2985.4
 P 0, 1
2993.8
 P 0, 1
3001.5
 P 0, 1
3020.2
 P 0, 1
3036.8
 P 0, 1
3074.8
 P 0, 1
3098.7
 P 0, 1
3120.1
 P 0, 1
3130.6
 P 0, 1
3141.3
 P 0, 1
3175.6
 P 0, 1
3205.5
 P 0, 1
3254.4
 P 0, 1
3260.2
 P 0, 1
3283.1
 P 0, 1
3289.2
 P 0, 1
3300.2
 P 0, 1
3308.5
 P 0, 1
3334.6
 P 0, 1
3346.6
 P 0, 1
3360.7
 P 0, 1
3366.7
 P 0, 1
3381.5
 P 0, 1
3387.6
 P 0, 1
3407.9
 P 0, 1
3426.4
 P 0, 1
3465.1
 P 0, 1
3490.3
 P 0, 1
3494.7
 P 0, 1
3506
 P 0, 1
3543.4
 P 0, 1
3557.3
 P 0, 1
3570
 P 0, 1
3586.9
 P 0, 1
3627.5
 P 0, 1
3634.3
 P 0, 1
3640.4
 P 0, 1
3657
 P 0, 1
3669.7
 P 0, 1
3680.9
 P 0, 1
3714.2
 P 0, 1
3719.2
 P 0, 1
3740.9
 P 0, 1
3747.6
 P 0, 1
3754.7
 P 0, 1
3766.5
 P 0, 1
3786.3
 P 0, 1
3799
 P 0, 1
3819.5
 P 0, 1
3856.3
 P 0, 1
3876.4
 P 0, 1
3908.3
 P 0, 1
3917.3
 P 0, 1
3927.6
 P 0, 1
3955.7
 P 0, 1
3963
 P 0, 1
3984.9
 P 0, 1
3990.7
 P 0, 1
4008.8
 P 0, 1
4020.8
 P 0, 1
4043.4
 P 0, 1
4056.2
 P 0, 1
4062.1
 P 0, 1
4078.2
 P 0, 1
4162.8
 P 0, 1
4251.5
 P 0, 1
4351.5
 P 0, 1
5319.03
 P 0, 1
5807.43
 P 0, 1
5894.83
 P 0, 1
5999.86
 P 0, 1
6107.43
 P 0, 1
6135.46
 P 0, 1
6160.53
 P 0, 1
6174.43
 P 0, 1
6197.53
 P 0, 1
6253.49
 P 0, 1
6294.45
 P 0, 1
6340.78
 P 0, 1
6470.29
 P 0, 1
6511.03
 P 0, 1
6523.53
 P 0, 1
6536.75
 P 0, 1
6566.73
 P 0, 1
6584.43
 P 0, 1
6610.66
 P 0, 1
6628.85
 P 0, 1
6652.33
 P 0, 1
6670.09
 P 0, 1
6703.88
 P 0, 1
6716.04
 P 0, 1
6768.6
 P 0, 1
6791.55
 P 0, 1
6822.44
 P 0, 1
6836.77
 P 0, 1
6851.49
 P 0, 1
6869.13
 P 0, 1
6892.37
 P 0, 1
6920.03
 P 0, 1
6952.17
 P 0, 1
6965.52
 P 0, 1
6989.33
 P 0, 1
7013.38
 P 0, 1
8019.33
 U 4351.5, 4.914
 U 4251.5, 8.064
 U 4162.8, 4.662
 U 4078.2, 3.402
 U 4062.1, 1.701
 U 4056.2, 0.945
 U 4043.4, 2.016
 U 4020.8, 2.709
 U 4008.8, 2.079
 U 3990.7, 4.725
 U 3984.9, 5.859
 U 3963, 2.646
 U 3955.7, 2.646
 U 3927.6, 1.26
 U 3917.3, 2.583
 U 3908.3, 1.197
 U 3876.4, 2.583
 U 3856.3, 1.89
 U 3819.5, 0.882
 U 3799, 4.851
 U 3786.3, 1.134
 U 3766.5, 3.78
 U 3754.7, 1.512
 U 3747.6, 6.111
 U 3740.9, 6.552
 U 3719.2, 3.087
 U 3714.2, 2.961
 U 3680.9, 2.898
 U 3669.7, 0.882
 U 3657, 2.205
 U 3640.4, 2.142
 U 3634.3, 2.457
 U 3627.5, 1.323
 U 3586.9, 2.835
 U 3570, 3.213
 U 3557.3, 1.953
 U 3543.4, 1.89
 U 3506, 1.197
 U 3494.7, 6.111
 U 3490.3, 2.079
 U 3465.1, 1.953
 U 3426.4, 1.386
 U 3407.9, 1.008
 U 3387.6, 3.717
 U 3381.5, 4.284
 U 3366.7, 1.071
 U 3360.7, 1.953
 U 3346.6, 3.591
 U 3334.6, 1.575
 U 3308.5, 0.63
 U 3300.2, 1.575
 U 3289.2, 1.323
 U 3283.1, 1.512
 U 3260.2, 6.552
 U 3254.4, 2.016
 U 3205.5, 0.693
 U 3175.6, 0.63
 U 3141.3, 2.583
 U 3130.6, 5.292
 U 3120.1, 3.276
 U 3098.7, 2.205
 U 3074.8, 1.512
 U 3036.8, 2.457
 U 3020.2, 1.197
 U 3001.5, 1.827
 U 2993.8, 1.638
 U 2985.4, 1.134
 U 2959.8, 1.827
 U 2943, 1.449
 U 2916.4, 0.819
 U 2887.3, 0.567
 U 2872.2, 8.442
 U 2861.8, 0.945
 U 2844.3, 1.953
 U 2834.6, 1.89
 U 2818.5, 0.945
 U 2808, 0.882
 U 2787.6, 1.575
 U 2781.4, 1.071
 U 2776.8, 2.646
 U 2766.3, 0.2394
 U 2747.3, 2.961
 U 2732.8, 1.386
 U 2700.3, 1.134
 U 2676, 0.5985
 U 2668.1, 0.8505
 U 2627.9, 3.087
 U 2607.5, 1.449
 U 2598.9, 0.2394
 U 2588.5, 0.2394
 U 2582.8, 0.3024
 U 2575.7, 1.0332
 U 2559.5, 0.567
 U 2547, 0.2835
 U 2539.2, 0.3024
 U 2534.9, 0.378
 U 2524.2, 0.693
 U 2503.9, 2.205
 - 2480.11, 59.409
 - 2464.1, 1.197
 - 2387.78, 0.2394
 - 2375.27, 3.15
 - 2341.9, 1.512
 - 2327.64, 14.112
 - 2317, 1.071
 - 2312.94, 1.575
 - 2228.68, 1.953
 - 2194.4, 12.222
 - 2102.92, 1.2285
 - 2076.21, 0.7308
 - 2047.06, 0.3906
 - 2010.01, 10.521
 - 1956.41, 0.756
 U 1920, 0.252
 - 1894.6, 3.465
 - 1849.32, 5.166
 - 1794.11, 3.465
 - 1608.53, 0.2016
 - 1599.9, 0.3402
 - 1476.86, 3.906
 - 1465.98, 1.323
 - 1405.04, 5.103
 - 1198.52, 1.701
 - 1154.99, 1.764
 - 1117.9, 1.953
 - 1042.94, 3.339
 - 78.742, 1.0647
 - 0, 6.3
 U 7013.38, 0.12978
 U 7013.38, 0.04788
 U 6989.33, 1.386
 U 6965.52, 0.1071
 U 6965.52, 0.07182
 U 6952.17, 0.09009
 U 6952.17, 0.09009
 U 6920.03, 0.1197
 U 6892.37, 0.1512
 U 6892.37, 0.12978
 U 6869.13, 1.26
 U 6869.13, 0.11214
 U 6851.49, 0.21987
 U 6851.49, 0.08001
 U 6836.77, 0.04599
 U 6822.44, 0.06993
 U 6791.55, 0.2016
 U 6768.6, 0.2016
 U 6768.6, 0.2457
 U 6716.04, 0.3087
 U 6716.04, 0.13986
 U 6703.88, 0.1197
 U 6670.09, 0.1386
 U 6652.33, 0.1071
 U 6628.85, 0.1512
 U 6610.66, 0.1575
 U 6584.43, 0.0882
 U 6584.43, 0.1323
 U 6566.73, 0.189
 U 6566.73, 0.2772
 U 6536.75, 0.3213
 U 6536.75, 0.1764
 U 6523.53, 0.0882
 U 6523.53, 0.2583
 U 6511.03, 0.1071
 U 6470.29, 0.252
 U 6340.78, 0.3969
 U 6294.45, 0.2709
 U 6253.49, 0.4914
 U 6197.53, 0.315
 U 6174.43, 0.3339
 U 6160.53, 0.378
 U 6135.46, 0.2961
 U 6135.46, 0.4095
 U 6107.43, 0.2457
 U 6107.43, 0.2835
 U 5999.86, 0.5229
 U 5894.83, 0.4725
 U 5807.43, 0.441
