77.1
 - 0, 2.1
399.1
 - 0, 26.4
461.8
 - 0, 2.5
482
 - 399.1, 0.93
623.6
 - 482, 0.74
 - 0, 0.17
632.1
 - 0, 0.45
1030.5
 - 461.8, 2
 - 399.1, 0.45
 - 0, 1.5
1073.3
 - 482, 0.42
 - 461.8, 0.76
 - 399.1, 1.2
 - 77.1, 0.32
1230.9
 - 461.8, 0.68
 - 399.1, 0.44
1338.6
 - 632.1, 0.2
 - 623.6, 0.18
1492.3
 - 461.8, 1.5
2153.2
 P 0, 1
2200
 P 0, 1
2265.3
 P 0, 1
2875.4
 P 0, 1
2899.9
 P 0, 1
5111.4
 P 0, 1
5364.5
 P 0, 1
6367.1
 - 1492.3, 0.54
 - 1338.6, 0.24
 - 1230.9, 0.58
 - 1073.3, 2.2
 - 1030.5, 2.6
 - 461.8, 0.38
 - 399.1, 2.8
 U 5364.5, 0.23
 U 5111.4, 0.3
 U 2899.9, 0.36
 U 2875.4, 0.43
 U 2265.3, 0.54
 U 2200, 0.26
 U 2153.2, 0.22
