76.471
 - 0, 7.8
253.117
 - 76.471, 20
526.034
 - 253.117, 2.75
889.93
 - 526.034, 0.077
1318.36
 - 76.471, 11.7
1382.01
 - 253.117, 1.39
 - 76.471, 6
1468.19
 - 1382.01, 0.24
 - 1318.36, 0.28
 - 253.117, 1.93
1487.12
 - 76.471, 0.75
1518.15
 - 889.93, 0.02
 - 526.034, 0.83
1561.02
 - 253.117, 1.92
 - 76.471, 1.23
1572.13
 - 1468.19, 0.09
 - 253.117, 0.8
1606.36
 - 1468.19, 0.05
 - 1382.01, 1.12
 - 1318.36, 4.6
 - 253.117, 0.42
 - 76.471, 0.86
1624.4
 - 76.471, 1.53
 - 0, 0.76
1633.97
 - 253.117, 0.21
 - 76.471, 2.92
 - 0, 1.6
1671.22
 - 1518.15, 0.04
1674.82
 - 76.471, 1.02
 - 0, 1.42
1701.57
 - 1606.36, 0.33
 - 1468.19, 0.25
 - 1382.01, 1.05
 - 526.034, 0.211
 - 253.117, 0.64
1709.42
 - 253.117, 0.73
 - 76.471, 1.9
1710.86
 - 1561.02, 0.02
 - 76.471, 1.3
 - 0, 1.24
1715.45
 - 526.034, 0.209
 - 253.117, 1
 - 76.471, 0.15
1733.64
 - 1561.02, 0.025
 - 1382.01, 0.31
 - 253.117, 0.38
 - 76.471, 1.44
1785.9
 - 253.117, 1.29
 - 76.471, 1.17
1805.4
 - 253.117, 1.07
 - 76.471, 0.38
1819.82
 - 1733.64, 0.24
 - 1701.57, 0.128
 - 1606.36, 0.16
 - 1572.13, 0.045
 - 1468.19, 0.31
 - 526.034, 0.24
1851.41
 - 1633.97, 0.168
 - 1606.36, 0.66
 - 1468.19, 0.08
 - 1382.01, 0.064
 - 1318.36, 0.44
 - 76.471, 0.44
1859.23
 - 1518.15, 0.047
 - 526.034, 0.15
 - 76.471, 0.84
1883.95
 - 76.471, 0.58
1884.67
 - 1518.15, 0.77
1933.95
 - 253.117, 0.55
 - 76.471, 0.48
1949.7
 - 1701.57, 0.16
 - 1606.36, 0.269
 - 1382.01, 0.183
 - 253.117, 0.26
1958.52
 - 1785.9, 0.025
 - 1710.86, 0.045
 - 76.471, 0.9
2016.13
 - 1701.57, 0.147
 - 1606.36, 1.46
2020.62
 - 1671.22, 0.064
 - 1518.15, 0.028
2038.83
 - 1805.4, 0.25
 - 1468.19, 0.02
2049.97
 - 1851.41, 0.049
 - 1701.57, 0.042
2068.98
 - 1318.36, 0.08
 - 76.471, 0.39
2088.75
 - 1819.82, 0.044
 - 1606.36, 0.14
2101.21
 - 1701.57, 0.083
 - 76.471, 1.58
2111.88
 - 1819.82, 0.101
 - 1468.19, 0.016
 - 1318.36, 0.06
2123.04
 - 253.117, 0.7
2160.92
 - 1819.82, 0.047
 - 1606.36, 0.16
 - 1382.01, 0.08
2163.14
 - 1949.7, 0.16
 - 76.471, 1.2
 - 0, 0.67
2171.98
 - 1958.52, 0.16
 - 1715.45, 0.06
 - 1674.82, 0.06
 - 253.117, 0.89
 - 76.471, 1.24
2186.86
 - 1468.19, 0.1
 - 253.117, 0.49
2237.72
 - 1710.86, 0.043
 - 1633.97, 0.027
 - 1606.36, 0.053
 - 1561.02, 0.06
 - 1487.12, 0.08
2246.82
 - 1633.97, 0.055
 - 1624.4, 0.15
 - 1561.02, 0.046
 - 76.471, 1.16
2256.42
 - 2016.13, 0.09
 - 1709.42, 0.119
 - 1633.97, 0.15
 - 1561.02, 0.034
 - 1468.19, 0.07
 - 1318.36, 0.06
 - 253.117, 0.44
2295.77
 - 2123.04, 0.025
 - 1709.42, 0.081
 - 1633.97, 0.37
 - 1606.36, 0.07
 - 1487.12, 0.04
2336.88
 - 2088.75, 0.16
 - 1819.82, 0.1
 - 1733.64, 0.027
 - 253.117, 0.56
2341.5
 - 2101.21, 0.09
 - 1958.52, 0.08
 - 1487.12, 0.07
2361.84
 - 2256.42, 0.04
 - 1709.42, 0.05
 - 76.471, 1.2
2378.7
 - 1884.67, 0.063
2384.06
 - 2295.77, 0.45
 - 1805.4, 0.07
 - 1518.15, 0.06
2403.33
 - 2111.88, 0.06
 - 1933.95, 0.064
 - 1624.4, 0.08
2438.16
 - 2088.75, 0.064
 - 1674.82, 0.06
 - 1572.13, 0.06
 - 1382.01, 0.08
2464.97
 - 1701.57, 0.06
 - 76.471, 0.57
2501.3
 P 0, 1
2514.3
 P 0, 1
2519.7
 P 0, 1
2527.4
 P 0, 1
2540.8
 P 0, 1
2547.6
 P 0, 1
2549.1
 P 0, 1
2581.4
 P 0, 1
2588.2
 P 0, 1
2600
 P 0, 1
2623.3
 P 0, 1
2642.5
 P 0, 1
2657.5
 P 0, 1
2663.1
 P 0, 1
2680.3
 P 0, 1
2705.3
 P 0, 1
2712.4
 P 0, 1
2732.3
 P 0, 1
2749.4
 P 0, 1
2767.9
 P 0, 1
2774.4
 P 0, 1
2784
 P 0, 1
2793.1
 P 0, 1
2799.3
 P 0, 1
2808.8
 P 0, 1
2818.6
 P 0, 1
2824.4
 P 0, 1
2839.5
 P 0, 1
2845.4
 P 0, 1
2870.1
 P 0, 1
2882.8
 P 0, 1
2895.4
 P 0, 1
2902.4
 P 0, 1
2909.1
 P 0, 1
2918.2
 P 0, 1
2944.5
 P 0, 1
2965.3
 P 0, 1
3038.9
 P 0, 1
3049
 P 0, 1
3062.4
 P 0, 1
3075.2
 P 0, 1
3095.6
 P 0, 1
3122.3
 P 0, 1
3136.1
 P 0, 1
3163
 P 0, 1
3174.6
 P 0, 1
3210.6
 P 0, 1
3217.2
 P 0, 1
3236.3
 P 0, 1
3268
 P 0, 1
3314.9
 P 0, 1
3349.1
 P 0, 1
3356
 P 0, 1
3383.4
 P 0, 1
3395.3
 P 0, 1
3410.1
 P 0, 1
3446.1
 P 0, 1
3462
 P 0, 1
3480.1
 P 0, 1
3491.2
 P 0, 1
3519.8
 P 0, 1
3553.4
 P 0, 1
3597.8
 P 0, 1
3602.8
 P 0, 1
3614.5
 P 0, 1
3648.1
 P 0, 1
3655.8
 P 0, 1
3692.2
 P 0, 1
3725.6
 P 0, 1
3733.3
 P 0, 1
3757.1
 P 0, 1
3772.5
 P 0, 1
3886.2
 P 0, 1
3895.5
 P 0, 1
3901.5
 P 0, 1
3918.8
 P 0, 1
4828.68
 P 0, 1
4859.48
 P 0, 1
4877.98
 P 0, 1
4923.58
 P 0, 1
4940.78
 P 0, 1
4953.48
 P 0, 1
4965.78
 P 0, 1
4986.16
 P 0, 1
5012.58
 P 0, 1
5063.6
 P 0, 1
5115.18
 P 0, 1
5125.58
 P 0, 1
5150.38
 P 0, 1
5176.78
 P 0, 1
5190.58
 P 0, 1
5206.22
 P 0, 1
5220.08
 P 0, 1
5340.18
 P 0, 1
5351.78
 P 0, 1
5396.78
 P 0, 1
5427.66
 P 0, 1
5466.43
 P 0, 1
5484.84
 P 0, 1
5578.18
 P 0, 1
5679.98
 P 0, 1
5784.98
 P 0, 1
5843.49
 P 0, 1
5875.78
 P 0, 1
5887.42
 P 0, 1
5899.45
 P 0, 1
5920.67
 P 0, 1
5938.6
 P 0, 1
6026.95
 P 0, 1
6067.52
 P 0, 1
6093.13
 P 0, 1
6123.83
 P 0, 1
6134.98
 P 0, 1
6187.6
 P 0, 1
6212.18
 P 0, 1
6263.5
 P 0, 1
6286.92
 P 0, 1
6299.62
 P 0, 1
6366.87
 P 0, 1
6382.17
 P 0, 1
6405.98
 P 0, 1
6418.63
 P 0, 1
7464.58
 U 3918.8, 0.21
 U 3901.5, 0.24
 U 3895.5, 0.24
 U 3886.2, 0.15
 U 3772.5, 0.17
 U 3757.1, 0.13
 U 3733.3, 0.2
 U 3725.6, 0.2
 U 3692.2, 0.068
 U 3655.8, 0.25
 U 3648.1, 0.15
 U 3614.5, 0.1
 U 3602.8, 0.15
 U 3597.8, 0.14
 U 3553.4, 0.11
 U 3519.8, 0.18
 U 3491.2, 0.08
 U 3480.1, 0.25
 U 3462, 0.09
 U 3446.1, 0.056
 U 3410.1, 0.1
 U 3395.3, 0.12
 U 3383.4, 0.16
 U 3356, 0.13
 U 3349.1, 0.11
 U 3314.9, 0.17
 U 3268, 0.17
 U 3236.3, 0.27
 U 3217.2, 0.13
 U 3210.6, 0.1
 U 3174.6, 0.16
 U 3163, 0.38
 U 3136.1, 0.084
 U 3122.3, 0.053
 U 3095.6, 0.062
 U 3075.2, 0.043
 U 3062.4, 0.067
 U 3049, 0.05
 U 3038.9, 0.14
 U 2965.3, 0.062
 U 2944.5, 0.147
 U 2918.2, 0.026
 U 2909.1, 0.054
 U 2902.4, 0.161
 U 2895.4, 0.236
 U 2882.8, 0.094
 U 2870.1, 0.021
 U 2845.4, 0.184
 U 2839.5, 0.048
 U 2824.4, 0.076
 U 2818.6, 0.167
 U 2808.8, 0.039
 U 2799.3, 0.025
 U 2793.1, 0.138
 U 2784, 0.028
 U 2774.4, 0.087
 U 2767.9, 0.039
 U 2749.4, 0.087
 U 2732.3, 0.31
 U 2712.4, 0.57
 U 2705.3, 0.228
 U 2680.3, 0.243
 U 2663.1, 0.112
 U 2657.5, 0.085
 U 2642.5, 0.082
 U 2623.3, 0.141
 U 2600, 0.235
 U 2588.2, 0.125
 U 2581.4, 0.247
 U 2549.1, 0.047
 U 2547.6, 0.05
 U 2540.8, 0.02
 U 2527.4, 0.037
 U 2519.7, 0.12
 U 2514.3, 0.055
 U 2501.3, 0.043
 - 2464.97, 0.067
 - 2438.16, 0.0147
 - 2403.33, 0.0155
 - 2384.06, 0.066
 - 2361.84, 0.22
 - 2341.5, 0.03
 - 2336.88, 0.024
 - 2295.77, 0.0177
 - 2256.42, 0.277
 - 2246.82, 0.304
 - 2237.72, 0.165
 - 2186.86, 0.064
 - 2171.98, 0.371
 - 2163.14, 0.49
 - 2123.04, 0.174
 - 2111.88, 0.0137
 - 2101.21, 0.392
 - 2068.98, 0.0108
 - 2038.83, 0.019
 - 2016.13, 0.208
 - 1958.52, 0.033
 - 1933.95, 0.0167
 - 1859.23, 0.252
 - 1851.41, 0.059
 - 1805.4, 0.086
 - 1785.9, 0.017
 - 1733.64, 0.02
 - 1715.45, 0.12
 - 1709.42, 0.145
 - 1701.57, 0.034
 - 1674.82, 0.036
 - 1633.97, 0.86
 - 1624.4, 0.03
 - 1606.36, 0.318
 - 1561.02, 0.61
 - 1468.19, 0.0114
 - 1382.01, 0.0185
 - 1318.36, 0.0151
 - 253.117, 0.524
 - 76.471, 0.7
 U 6418.63, 0.18
 U 6405.98, 0.05
 U 6382.17, 0.09
 U 6366.87, 0.082
 U 6366.87, 0.13
 U 6299.62, 0.06
 U 6286.92, 0.37
 U 6286.92, 0.26
 U 6263.5, 0.13
 U 6212.18, 0.12
 U 6187.6, 0.07
 U 6187.6, 0.27
 U 6134.98, 0.31
 U 6134.98, 0.14
 U 6123.83, 0.23
 U 6123.83, 0.11
 U 6123.83, 0.32
 U 6093.13, 0.23
 U 6093.13, 0.1
 U 6067.52, 0.15
 U 6067.52, 0.46
 U 6026.95, 0.44
 U 6026.95, 0.42
 U 5938.6, 0.5
 U 5920.67, 0.82
 U 5899.45, 0.63
 U 5887.42, 0.25
 U 5875.78, 0.27
 U 5843.49, 0.43
 U 5784.98, 0.34
 U 5784.98, 0.43
 U 5679.98, 0.56
 U 5578.18, 0.48
 U 5484.84, 0.54
 U 5484.84, 0.55
 U 5466.43, 0.44
 U 5427.66, 0.5
 U 5427.66, 0.6
 U 5396.78, 0.5
 U 5351.78, 0.9
 U 5340.18, 0.4
 U 5220.08, 0.62
 U 5206.22, 0.47
 U 5190.58, 0.63
 U 5190.58, 0.47
 U 5176.78, 0.97
 U 5150.38, 0.52
 U 5125.58, 0.68
 U 5115.18, 0.7
 U 5063.6, 0.47
 U 5012.58, 1.2
 U 4986.16, 0.53
 U 4965.78, 1
 U 4953.48, 1.1
 U 4953.48, 0.9
 U 4940.78, 1.1
 U 4923.58, 0.9
 U 4923.58, 0.84
 U 4877.98, 0.99
 U 4859.48, 0.99
 U 4828.68, 1.3
