104.61
 - 0, 14.5
331.75
 - 104.61, 6.3
 E 104.61, 43.785
375.6
 P 0, 1
432.6
 - 104.61, 0.84
704
 U 375.6, 0.84
 - 104.61, 0.5
832.6
 - 331.75, 0.8
866.9
 - 432.6, 1.8
 U 375.6, 4.2
 - 331.75, 0.4
939.6
 U 375.6, 1.4
 - 331.75, 2.8
997.9
 U 375.6, 1.8
 - 331.75, 0.71
1209
 U 375.6, 0.69
 - 104.61, 0.54
1284.2
 - 331.75, 1
1319.9
 - 432.6, 0.44
 U 375.6, 4.7
 - 331.75, 0.89
1358.8
 - 866.9, 4.2
 U 375.6, 1
 - 104.61, 0.64
1416.6
 - 866.9, 0.39
 - 432.6, 1
1592.1
 - 704, 0.44
1657.9
 - 866.9, 2.1
 - 832.6, 0.8
 - 704, 1
1701
 - 1209, 4.2
 - 866.9, 0.69
 - 704, 0.4
 - 331.75, 0.51
1825.9
 P 0, 1
1920.4
 - 1592.1, 0.84
 - 1319.9, 0.5
 - 432.6, 0.63
 - 331.75, 0.41
2021.1
 - 1358.8, 0.71
 - 432.6, 0.41
2067.7
 - 997.9, 0.94
2139.7
 - 331.75, 0.79
2162.1
 - 1209, 1
2179.2
 - 1319.9, 0.61
2243
 P 0, 1
2376.8
 P 0, 1
2394.9
 P 0, 1
2479.4
 P 0, 1
2741.3
 P 0, 1
2854.6
 P 0, 1
2907.9
 P 0, 1
3306.1
 P 0, 1
3933.1
 P 0, 1
4262.9
 P 0, 1
4486.3
 P 0, 1
4536.8
 P 0, 1
4562.4
 P 0, 1
5566.4
 U 3306.1, 0.25
 U 2907.9, 0.26
 U 2854.6, 0.33
 U 2741.3, 0.4
 U 2479.4, 0.88
 U 2394.9, 0.26
 U 2376.8, 0.27
 U 2243, 0.49
 - 2179.2, 2.1
 - 2162.1, 0.36
 - 2139.7, 0.63
 - 2067.7, 0.23
 - 2021.1, 0.07
 - 1920.4, 0.16
 U 1825.9, 0.2
 - 1701, 0.74
 - 1657.9, 2.7
 - 1592.1, 0.11
 - 1416.6, 0.44
 - 1358.8, 0.1
 - 1319.9, 2.9
 - 1284.2, 1.2
 - 1209, 0.2
 - 997.9, 0.21
 - 939.6, 1.3
 - 866.9, 0.22
 - 832.6, 0.05
 - 704, 0.1
 U 375.6, 0.12
 - 331.75, 0.29
 U 4562.4, 1.6
 U 4536.8, 0.93
 U 4486.3, 4
 U 4262.9, 0.3
 U 3933.1, 0.8
