104.527
 - 0, 2.8
231.502
 - 104.527, 0.066
 - 0, 0.143
267.541
 - 104.527, 0.86
 - 0, 0.49
384.755
 - 267.541, 0.042
 - 104.527, 0.028
514.869
 - 0, 61
556.087
 - 514.869, 7
 - 0, 0.42
602.838
 - 556.087, 1.6
 - 514.869, 1.7
 - 104.527, 0.47
 - 0, 0.24
639.258
 - 104.527, 3.27
 - 0, 9.2
698.111
 - 602.838, 1.3
 - 556.087, 0.21
 - 104.527, 0.068
 - 0, 0.056
729.215
 - 639.258, 0.43
 - 602.838, 0.014
 - 231.502, 0.14
 - 104.527, 0.17
 - 0, 0.82
782.234
 - 602.838, 0.076
811.425
 - 639.258, 0.77
 - 602.838, 0.059
 - 556.087, 0.219
 - 514.869, 0.025
 - 0, 6
844.181
 - 729.215, 0.026
 - 639.258, 0.008
 - 231.502, 0.052
871.693
 - 729.215, 0.139
 - 698.111, 0.078
 - 639.258, 0.162
 - 556.087, 0.019
 - 514.869, 0.056
 - 104.527, 0.98
 - 0, 1.56
920.027
 - 602.838, 0.036
 - 556.087, 5.2
 - 514.869, 0.268
957.478
 - 811.425, 0.01
 - 729.215, 0.026
 - 698.111, 0.014
 - 602.838, 0.037
 - 231.502, 0.1
 - 104.527, 0.32
 - 0, 0.11
992.263
 - 920.027, 0.06
 - 871.693, 0.024
 - 811.425, 0.038
 - 602.838, 0.205
 - 556.087, 3.3
 - 514.869, 5
1009.1
 - 267.541, 0.52
 - 104.527, 0.29
 - 0, 0.62
1009.39
 - 920.027, 0.023
 - 698.111, 1.72
 - 602.838, 0.77
 - 556.087, 0.2
1067.87
 - 871.693, 0.011
 - 639.258, 4
 - 602.838, 0.36
 - 556.087, 1.11
 - 514.869, 0.6
1121.33
 - 1009.39, 0.014
 - 811.425, 0.018
 - 729.215, 0.64
 - 698.111, 0.287
 - 639.258, 1.5
 - 602.838, 0.23
 - 556.087, 0.249
1174.76
 - 1009.39, 0.018
 - 992.263, 0.056
 - 698.111, 0.097
 - 602.838, 0.305
1197.3
 - 844.181, 0.087
 - 729.215, 0.14
 - 639.258, 0.056
1356.49
 - 1121.33, 0.0089
 - 1067.87, 0.104
 - 920.027, 0.24
 - 556.087, 0.74
 - 514.869, 0.89
1368.11
 - 1197.3, 0.009
 - 1174.76, 0.082
 - 1121.33, 0.073
 - 1067.87, 0.028
 - 1009.39, 0.035
 - 992.263, 0.059
 - 871.693, 0.15
 - 811.425, 0.051
 - 556.087, 0.67
1415.4
 P 0, 1
1468.87
 - 1368.11, 0.13
 - 1356.49, 0.021
 - 1067.87, 0.051
 - 1009.39, 0.086
 - 992.263, 0.097
 - 920.027, 0.128
 - 811.425, 0.205
 - 602.838, 0.11
 - 514.869, 0.62
1497.32
 - 1009.39, 0.085
 - 992.263, 0.122
 - 920.027, 0.114
 - 871.693, 0.024
 - 639.258, 0.29
 - 602.838, 0.43
 - 556.087, 0.53
 - 514.869, 0.84
1549.5
 P 0, 1
1627.48
 - 1009.39, 0.128
 - 992.263, 0.51
 - 920.027, 0.79
 - 639.258, 0.57
1647.7
 P 0, 1
1660.5
 P 0, 1
1683.8
 P 0, 1
1689.56
 - 1009.39, 0.22
 - 992.263, 0.22
 - 729.215, 0.1
1692.8
 P 0, 1
1844.2
 P 0, 1
1893.1
 - 1067.87, 1
 - 514.869, 2.7
1937.47
 - 1689.56, 0.039
 - 1627.48, 0.018
 - 1368.11, 0.04
 - 1197.3, 0.25
 - 1121.33, 0.86
 - 1067.87, 0.65
 - 992.263, 0.45
1968.2
 P 0, 1
1980.3
 P 0, 1
1998.6
 P 0, 1
2015.08
 - 1067.87, 0.29
 - 1009.1, 0.35
 - 992.263, 0.23
2039.5
 P 0, 1
2046.2
 P 0, 1
2065.1
 P 0, 1
2081.6
 P 0, 1
2107.3
 - 992.263, 0.74
 - 920.027, 0.35
 - 811.425, 0.3
2161.2
 P 0, 1
2190.1
 - 1067.87, 0.6
 - 811.425, 0.3
2238.6
 P 0, 1
2252.6
 P 0, 1
2291.5
 P 0, 1
2319.5
 P 0, 1
2329.7
 P 0, 1
2397.7
 P 0, 1
2436.8
 P 0, 1
2466.5
 P 0, 1
2493.5
 P 0, 1
2516.2
 P 0, 1
2535.2
 P 0, 1
2562.3
 P 0, 1
2574.2
 P 0, 1
2601.4
 P 0, 1
2626.5
 P 0, 1
2649.8
 P 0, 1
2661.2
 P 0, 1
2679.9
 P 0, 1
2696.3
 P 0, 1
2706.5
 P 0, 1
2742.8
 P 0, 1
2771.7
 P 0, 1
2800.9
 P 0, 1
2819.2
 P 0, 1
2845.2
 P 0, 1
2862
 P 0, 1
2878.8
 P 0, 1
2899.2
 P 0, 1
2915
 P 0, 1
2928.2
 P 0, 1
2949.5
 P 0, 1
2968.1
 P 0, 1
2978.1
 P 0, 1
3009.1
 P 0, 1
3024.9
 P 0, 1
3051.9
 P 0, 1
3096.5
 P 0, 1
3118.9
 P 0, 1
3137.5
 P 0, 1
3158.9
 P 0, 1
3185
 P 0, 1
3205.5
 P 0, 1
3226.3
 P 0, 1
3237.1
 P 0, 1
3267.5
 P 0, 1
3281.8
 P 0, 1
3301.3
 P 0, 1
3313.5
 P 0, 1
3334
 P 0, 1
3355.3
 P 0, 1
3368.4
 P 0, 1
3387
 P 0, 1
3421.4
 P 0, 1
3442.8
 P 0, 1
3457.7
 P 0, 1
3467.8
 P 0, 1
3501.8
 P 0, 1
3563.8
 P 0, 1
3587.1
 P 0, 1
3604.8
 P 0, 1
3632.7
 P 0, 1
3655
 P 0, 1
3690.4
 P 0, 1
3726.7
 P 0, 1
3821.7
 P 0, 1
3843.1
 P 0, 1
3862.6
 P 0, 1
3880.4
 P 0, 1
3908.2
 P 0, 1
3938.9
 P 0, 1
3969.3
 P 0, 1
3994.5
 P 0, 1
4008.5
 P 0, 1
4057.8
 P 0, 1
4146.5
 P 0, 1
4189.3
 P 0, 1
4199.6
 P 0, 1
4225.5
 P 0, 1
4284.5
 P 0, 1
4295.5
 P 0, 1
4368.2
 P 0, 1
4398.9
 P 0, 1
4409.6
 P 0, 1
4514.5
 P 0, 1
4625.4
 P 0, 1
4652.8
 P 0, 1
4694.3
 P 0, 1
4742.4
 P 0, 1
4769.6
 P 0, 1
5822.5
 - 2190.1, 2.6
 U 2161.2, 0.28
 - 2107.3, 1.5
 U 2081.6, 0.28
 U 2065.1, 0.07
 U 2046.2, 0.26
 U 2039.5, 0.37
 U 1998.6, 0.17
 U 1980.3, 0.48
 U 1968.2, 0.64
 - 1937.47, 4.7
 - 1893.1, 2.5
 U 1844.2, 0.13
 U 1692.8, 0.17
 U 1683.8, 0.15
 U 1660.5, 0.09
 U 1647.7, 0.57
 - 1627.48, 0.38
 U 1549.5, 0.04
 - 1497.32, 0.06
 - 1468.87, 0.04
 - 1368.11, 0.17
 - 1356.49, 0.26
 - 1121.33, 0.05
 - 992.263, 1.6
 - 920.027, 0.03
 - 811.425, 1.2
 - 556.087, 9.3
 - 514.869, 0.13
 U 4769.6, 0.39
 U 4769.6, 0.53
 U 4742.4, 0.31
 U 4742.4, 0.67
 U 4694.3, 0.93
 U 4694.3, 1.14
 U 4652.8, 0.35
 U 4625.4, 0.9
 U 4514.5, 1
 U 4409.6, 0.35
 U 4398.9, 0.25
 U 4368.2, 0.55
 U 4295.5, 0.45
 U 4284.5, 0.41
 U 4225.5, 0.36
 U 4199.6, 0.61
 U 4189.3, 0.76
 U 4146.5, 0.58
 U 4057.8, 0.24
 U 4008.5, 0.38
 U 3994.5, 0.49
 U 3969.3, 0.56
 U 3938.9, 0.55
 U 3908.2, 0.87
 U 3880.4, 0.85
 U 3862.6, 0.39
 U 3843.1, 0.49
 U 3821.7, 0.29
 U 3726.7, 0.33
 U 3690.4, 0.56
 U 3655, 0.34
 U 3632.7, 0.27
 U 3604.8, 0.53
 U 3587.1, 0.85
 U 3563.8, 0.27
 U 3501.8, 0.33
 U 3467.8, 0.35
 U 3457.7, 0.37
 U 3442.8, 0.22
 U 3421.4, 0.24
 U 3387, 0.13
 U 3368.4, 0.38
 U 3355.3, 0.51
 U 3334, 0.23
 U 3334, 0.39
 U 3313.5, 0.27
 U 3313.5, 0.34
 U 3301.3, 0.17
 U 3281.8, 0.17
 U 3267.5, 0.68
 U 3237.1, 0.93
 U 3226.3, 0.4
 U 3205.5, 0.12
 U 3205.5, 0.19
 U 3185, 0.15
 U 3185, 0.33
 U 3158.9, 0.99
 U 3137.5, 0.53
 U 3118.9, 0.39
 U 3118.9, 0.53
 U 3096.5, 0.13
 U 3096.5, 0.16
 U 3051.9, 0.53
 U 3024.9, 0.68
 U 3009.1, 0.47
 U 2978.1, 0.11
 U 2968.1, 0.23
 U 2949.5, 0.32
 U 2949.5, 0.26
 U 2928.2, 0.77
 U 2915, 0.64
 U 2899.2, 0.36
 U 2878.8, 0.86
 U 2862, 0.74
 U 2862, 0.41
 U 2845.2, 0.7
 U 2819.2, 0.48
 U 2800.9, 0.66
 U 2771.7, 1.1
 U 2742.8, 1.2
 U 2742.8, 1.4
 U 2706.5, 0.23
 U 2696.3, 0.43
 U 2679.9, 0.89
 U 2661.2, 0.28
 U 2649.8, 0.41
 U 2626.5, 0.21
 U 2601.4, 0.09
 U 2574.2, 0.56
 U 2562.3, 0.32
 U 2535.2, 0.6
 U 2516.2, 0.83
 U 2493.5, 1
 U 2493.5, 0.45
 U 2466.5, 1.2
 U 2466.5, 0.27
 U 2436.8, 0.77
 U 2436.8, 0.27
 U 2397.7, 0.79
 U 2329.7, 0.13
 U 2319.5, 0.08
 U 2291.5, 0.18
 U 2252.6, 0.46
 U 2238.6, 0.39
 U 2238.6, 0.49
