70.8817
 - 0, 70
 E 0, 763
161.651
 - 70.8817, 15.9
 E 70.8817, 70.8981
 - 0, 3.8
 E 0, 2.109
191.214
 - 0, 1550
 E 0, 96.565
269.656
 - 161.651, 1.2
 - 70.8817, 0.62
278.597
 - 191.214, 115
 E 191.214, 598
 - 70.8817, 15
 - 0, 4.7
 E 0, 0.11233
389.527
 - 278.597, 22
 - 191.214, 6.9
 - 161.651, 2.3
 - 70.8817, 0.96
 - 0, 1.5
 E 0, 0.016005
486.944
 - 278.597, 0.37
523.07
 - 389.527, 1.6
 - 278.597, 1.27
569.831
 - 278.597, 48
 E 278.597, 8.1792
 - 191.214, 236
 E 191.214, 19.9656
 - 0, 21
 E 0, 0.09597
590.695
 - 278.597, 0.5
 - 70.8817, 17
 - 0, 641
 E 0, 17.1147
647.281
 - 161.651, 3.7
 - 70.8817, 169
 E 70.8817, 4.7996
 - 0, 91
 E 0, 1.9292
647.837
 - 389.527, 11.8
 E 389.527, 2.7848
 - 278.597, 30
 E 278.597, 2.712
 - 191.214, 25
 E 191.214, 1.295
659.618
 - 569.831, 0.55
 - 191.214, 14.3
677.105
 - 523.07, 0.48
 - 389.527, 1.56
706.981
 - 523.07, 0.23
 - 269.656, 2.1
 - 161.651, 20
 - 70.8817, 27
719.936
 - 590.695, 0.35
 - 191.214, 12
 - 0, 1000
 E 0, 7.47
722.263
 - 278.597, 3.8
 - 191.214, 5.1
748.974
 - 569.831, 0.2
 - 523.07, 0.81
 - 486.944, 0.56
 - 389.527, 2.7
 - 278.597, 7
 - 161.651, 3
757.869
 - 269.656, 4
 - 161.651, 6.4
761.845
 - 590.695, 0.36
 - 70.8817, 260
 E 70.8817, 2.132
 - 0, 279
 E 0, 3.91716
807.054
 - 389.527, 1.9
 - 191.214, 5.2
813.326
 - 659.618, 0.27
 - 191.214, 244
831.889
 - 719.936, 0.39
 - 191.214, 4.3
 - 161.651, 42
 - 70.8817, 92
 - 0, 25
 E 0, 0.2
851.372
 - 191.214, 113
 E 191.214, 1.695
865.169
 - 647.837, 0.45
 - 523.07, 1.05
911.654
 - 761.845, 0.52
 - 389.527, 18.8
 - 278.597, 72
919.749
 - 748.974, 0.17
 - 722.263, 0.36
 - 706.981, 0.51
 - 486.944, 1.8
 - 389.527, 3
946.45
 - 706.981, 0.45
 - 523.07, 4.3
 - 161.651, 6.5
960.46
 - 70.8817, 5.7
 - 0, 35
 E 0, 0.05635
996.69
 - 647.837, 0.54
 - 191.214, 3.8
1033.88
 - 761.845, 1.16
 - 722.263, 4
 - 719.936, 6.5
 - 659.618, 9.5
1061.06
 - 807.054, 0.45
 - 748.974, 0.5
 - 486.944, 4.2
 - 278.597, 4.7
1064.67
 - 706.981, 2.6
 - 647.281, 1.9
 - 590.695, 2.1
 - 0, 18
1070.78
 - 647.281, 4.3
 - 590.695, 5
 - 161.651, 5.2
 - 70.8817, 9.4
1078.04
 - 677.105, 1.8
1110.69
 - 813.326, 0.44
 - 719.936, 7.2
 - 659.618, 1
1141.26
 - 269.656, 15
 - 161.651, 40
 - 0, 31
1159.87
 - 647.837, 12.4
 - 569.831, 13.1
 - 191.214, 11.9
 - 70.8817, 21
1176.66
 - 946.45, 0.37
 - 757.869, 1.7
 - 706.981, 5.8
 - 590.695, 16.9
 - 70.8817, 24
 - 0, 22
1202.16
 - 1064.67, 0.55
 - 851.372, 1.55
 - 647.837, 2
 - 590.695, 46
 - 569.831, 10.7
 - 70.8817, 29
1225.42
 - 590.695, 15
1232.16
 - 960.46, 0.44
 - 813.326, 1.7
 - 722.263, 6.3
1261.7
 - 807.054, 4.2
 - 722.263, 5.2
 - 659.618, 5.4
 - 647.281, 2.8
1270.73
 - 1110.69, 0.78
 - 851.372, 27
 E 851.372, 1.7469
 - 813.326, 6.6
1285.11
 - 1110.69, 2.3
 - 831.889, 2.3
 - 719.936, 3.6
 - 0, 156
1296.66
 - 1110.69, 0.3
 - 1033.88, 0.53
 - 851.372, 0.9
 - 278.597, 14.8
 - 191.214, 24
1311.79
 - 1176.66, 0.24
 - 807.054, 3.8
 - 761.845, 2
 - 719.936, 8.9
 - 278.597, 20
1319.6
 - 851.372, 14.3
 - 659.618, 113
 E 659.618, 1.695
1350.11
 - 1110.69, 0.45
 - 851.372, 3.6
 - 722.263, 33
 - 719.936, 17.4
1354.84
 - 911.654, 18.1
 E 911.654, 1.0136
 - 722.263, 10.7
 - 719.936, 15
 - 191.214, 66
 E 191.214, 0.3267
1395.39
 - 1110.69, 0.88
 - 807.054, 8.8
1398.69
 - 1285.11, 6.9
 - 851.372, 3.7
 - 719.936, 4
 - 659.618, 10.8
 - 191.214, 128
 E 191.214, 0.57984
1449.52
 - 1261.7, 0.2
 - 831.889, 3.8
 - 761.845, 5.6
 - 523.07, 20
 - 0, 116
1463.02
 - 1285.11, 0.47
 - 1061.06, 0.75
 - 865.169, 8
 - 851.372, 46
1464.98
 - 946.45, 3.8
 - 911.654, 4.7
1478.48
 - 1398.69, 1.1
 - 1033.88, 2.6
 - 960.46, 4
 - 722.263, 8.5
 - 719.936, 5.6
 - 569.831, 5.2
1509.7
 P 0, 1
1524.08
 - 1350.11, 0.48
 - 1064.67, 2.2
1531.56
 - 1350.11, 9
 - 1296.66, 0.74
 - 1033.88, 1.8
 - 960.46, 4.7
1554.83
 - 1350.11, 0.26
 - 851.372, 15.7
 - 813.326, 11.4
 - 761.845, 6.1
 - 719.936, 17.8
1585.86
 - 1398.69, 0.45
 - 1270.73, 1.61
 - 911.654, 11.6
1616.68
 - 1311.79, 3.3
 - 1296.66, 3.1
 - 1110.69, 7.1
 - 911.654, 5.9
1618.69
 - 1202.16, 5.6
 - 851.372, 5.5
 - 813.326, 3.8
1688.91
 - 1064.67, 11
 - 911.654, 5.9
 - 278.597, 108
 - 191.214, 70
 E 191.214, 0.1946
 - 0, 51
1696.35
 - 1296.66, 5.5
 - 1270.73, 1.1
 - 911.654, 6.5
 - 851.372, 6
 - 278.597, 70
 - 191.214, 129
 E 191.214, 0.35475
1724.49
 - 1285.11, 4.2
 - 1270.73, 2
 - 1202.16, 5.6
 - 807.054, 6.3
 - 659.618, 18
 - 647.837, 135
 - 278.597, 26
1742.85
 - 1478.48, 0.61
 - 1232.16, 11
 - 1070.78, 5.5
 - 647.281, 56
 - 191.214, 37
 - 0, 81
1745
 P 0, 1
1757.3
 P 0, 1
1781.21
 - 1554.83, 0.96
 - 911.654, 17.7
 - 719.936, 34
 - 647.837, 20
 - 389.527, 33
1787.3
 P 0, 1
1796.66
 - 1285.11, 20.7
 - 807.054, 10.6
 - 569.831, 19
 - 278.597, 44
 - 191.214, 54
1828.04
 - 1696.35, 0.74
 - 1531.56, 0.82
 - 1350.11, 6.4
 - 1110.69, 12
 - 722.263, 24
 - 191.214, 101
1837.5
 P 0, 1
1857.4
 P 0, 1
1867.57
 - 1724.49, 0.39
1894
 P 0, 1
1910.9
 P 0, 1
1920.5
 P 0, 1
1939
 P 0, 1
1998.4
 P 0, 1
2037.7
 P 0, 1
2048.2
 P 0, 1
2103.6
 P 0, 1
2123.2
 P 0, 1
2192.9
 P 0, 1
2217.5
 P 0, 1
2234.5
 P 0, 1
2244.5
 P 0, 1
2286.2
 P 0, 1
2299.1
 P 0, 1
2313.6
 P 0, 1
2342.4
 P 0, 1
2350.1
 P 0, 1
2355.6
 P 0, 1
2375.9
 P 0, 1
2381.4
 P 0, 1
2388
 P 0, 1
2401
 P 0, 1
2407.4
 P 0, 1
2415.4
 P 0, 1
2427.5
 P 0, 1
2441.1
 P 0, 1
2449.8
 P 0, 1
2477.9
 P 0, 1
2498.7
 P 0, 1
2504.4
 P 0, 1
2517.1
 P 0, 1
2522.8
 P 0, 1
2530.3
 P 0, 1
2551.1
 P 0, 1
2620.9
 P 0, 1
2634
 P 0, 1
2655.4
 P 0, 1
2679.7
 P 0, 1
2684.8
 P 0, 1
2705.9
 P 0, 1
2741.8
 P 0, 1
2774.5
 P 0, 1
2781
 P 0, 1
2801.9
 P 0, 1
2827.2
 P 0, 1
2856
 P 0, 1
2869.9
 P 0, 1
2891.6
 P 0, 1
2917.3
 P 0, 1
2932.8
 P 0, 1
2952
 P 0, 1
2988.6
 P 0, 1
2998.9
 P 0, 1
3015.2
 P 0, 1
3027.4
 P 0, 1
3038.4
 P 0, 1
3043.8
 P 0, 1
3066.1
 P 0, 1
3094.5
 P 0, 1
3105.6
 P 0, 1
3118.9
 P 0, 1
3130.3
 P 0, 1
3142.6
 P 0, 1
3173.8
 P 0, 1
3246.5
 P 0, 1
3274
 P 0, 1
3344.4
 P 0, 1
3375.4
 P 0, 1
3450
 P 0, 1
3526.7
 P 0, 1
3559.9
 P 0, 1
3657
 P 0, 1
5190.67
 P 0, 1
5206.87
 P 0, 1
5217.17
 P 0, 1
5252.07
 P 0, 1
5288.47
 P 0, 1
5325.97
 P 0, 1
5381.47
 P 0, 1
5401.47
 P 0, 1
5452.27
 P 0, 1
5463.77
 P 0, 1
5486.37
 P 0, 1
5530.67
 P 0, 1
5561.97
 P 0, 1
5600.27
 P 0, 1
5618.37
 P 0, 1
5678.46
 P 0, 1
5710.92
 P 0, 1
5722.12
 P 0, 1
5767.22
 P 0, 1
5814.87
 P 0, 1
5829.22
 P 0, 1
6866.67
 U 3657, 7.8
 U 3559.9, 16
 U 3526.7, 27
 U 3450, 12.7
 U 3375.4, 9.4
 U 3344.4, 17.1
 U 3274, 15
 U 3246.5, 11
 U 3173.8, 15
 U 3142.6, 20
 U 3130.3, 9.8
 U 3118.9, 12
 U 3105.6, 25.6
 U 3094.5, 8.2
 U 3066.1, 11.4
 U 3043.8, 16
 U 3038.4, 18
 U 3027.4, 14.3
 U 3015.2, 9
 U 2998.9, 5.3
 U 2988.6, 16.3
 U 2952, 9
 U 2932.8, 8
 U 2917.3, 9
 U 2891.6, 32
 U 2869.9, 7.3
 U 2856, 10.6
 U 2827.2, 27
 U 2801.9, 16
 U 2781, 8.6
 U 2774.5, 14.3
 U 2741.8, 11.4
 U 2705.9, 18.4
 U 2684.8, 7
 U 2679.7, 17
 U 2655.4, 33.1
 U 2634, 3.3
 U 2620.9, 9.4
 U 2551.1, 11.4
 U 2530.3, 6.5
 U 2522.8, 13.9
 U 2517.1, 6.5
 U 2504.4, 6.1
 U 2498.7, 10.6
 U 2477.9, 10.2
 U 2449.8, 6.9
 U 2441.1, 6.1
 U 2427.5, 4.1
 U 2415.4, 16
 U 2407.4, 8.6
 U 2401, 12
 U 2388, 14
 U 2381.4, 4.9
 U 2375.9, 4.1
 U 2355.6, 21
 U 2350.1, 22
 U 2342.4, 10
 U 2313.6, 14
 U 2299.1, 8.6
 U 2286.2, 3.3
 U 2244.5, 29
 U 2234.5, 12
 U 2217.5, 5.7
 U 2192.9, 5.3
 U 2123.2, 4.1
 U 2103.6, 11
 U 2048.2, 3.7
 U 2037.7, 22
 U 1998.4, 20
 U 1939, 32
 U 1920.5, 6.5
 U 1910.9, 2.9
 U 1894, 10
 - 1867.57, 3.7
 U 1857.4, 12
 U 1837.5, 11
 - 1828.04, 13
 - 1796.66, 22
 U 1787.3, 22
 U 1757.3, 4.5
 U 1745, 8
 - 1724.49, 7.8
 - 1696.35, 24
 - 1618.69, 100
 - 1585.86, 4.9
 - 1554.83, 7.3
 - 1531.56, 13
 - 1524.08, 8
 U 1509.7, 3.7
 - 1478.48, 10
 - 1398.69, 45
 - 1354.84, 25
 - 1350.11, 21
 - 1270.73, 32
 - 1232.16, 2
 - 1225.42, 2
 - 1202.16, 4.5
 - 1159.87, 3.7
 - 1033.88, 6.1
 - 851.372, 3.7
 - 813.326, 73
 - 719.936, 8.2
 - 659.618, 62
 U 5829.22, 42
 U 5829.22, 25
 U 5814.87, 23
 U 5814.87, 21
 U 5767.22, 31
 U 5767.22, 55
 U 5722.12, 78
 U 5710.92, 86
 V 5710.92, 0.43258
 U 5678.46, 72
 U 5618.37, 86
 U 5618.37, 160
 U 5618.37, 164
 U 5600.27, 112
 U 5561.97, 156
 U 5530.67, 67
 U 5486.37, 50
 U 5463.77, 24
 U 5452.27, 43
 U 5401.47, 63
 U 5401.47, 28
 U 5381.47, 152
 V 5381.47, 0.26904
 U 5325.97, 74
 U 5288.47, 45
 U 5252.07, 57
 U 5217.17, 68
 U 5206.87, 75
 U 5190.67, 93
