95.27
 P 0, 1
766.4
 U 95.27, 0.8
906.4
 - 0, 0.73
991.5
 - 0, 0.83
1038.8
 - 0, 0.56
1388.1
 - 0, 0.35
1435.2
 U 766.4, 0.8
 - 0, 0.5
1492.3
 - 0, 0.65
1701.2
 P 0, 1
1716.5
 P 0, 1
1870.9
 - 1038.8, 1.1
 - 906.4, 0.8
1888.8
 P 0, 1
1912.4
 - 991.5, 0.8
1972
 U 766.4, 0.55
2007
 U 766.4, 0.77
2047.8
 - 906.4, 0.18
2077
 P 0, 1
2102.7
 P 0, 1
2120.4
 P 0, 1
2137.4
 - 1038.8, 0.35
2290.6
 P 0, 1
2373.4
 P 0, 1
2478
 U 1701.2, 1.2
 - 0, 0.1
2494.5
 P 0, 1
2640.3
 P 0, 1
2792.7
 P 0, 1
2804.7
 P 0, 1
2861.7
 P 0, 1
2887.7
 P 0, 1
3014.4
 P 0, 1
3192.4
 P 0, 1
3357.7
 P 0, 1
3655.7
 P 0, 1
3989.7
 P 0, 1
5485.5
 P 0, 1
6614.7
 U 2494.5, 0.18
 - 2478, 0.27
 U 2373.4, 0.17
 U 2290.6, 0.12
 - 2137.4, 0.23
 - 2047.8, 0.11
 U 2007, 0.16
 U 1972, 0.08
 - 1912.4, 0.15
 U 1888.8, 0.25
 - 1870.9, 0.22
 U 1716.5, 0.05
 U 1701.2, 0.11
 - 1492.3, 0.04
 - 1435.2, 0.09
 - 1388.1, 0.04
 - 1038.8, 0.24
 - 991.5, 0.43
 - 906.4, 0.15
 - 0, 2.2
 U 5485.5, 0.32
 U 3989.7, 0.18
 U 3655.7, 0.22
 U 3357.7, 0.16
 U 3192.4, 0.19
 U 3014.4, 0.24
 U 2887.7, 0.05
 U 2861.7, 0.05
 U 2804.7, 0.05
 U 2792.7, 0.1
 U 2640.3, 0.15
 U 2120.4, 0.06
 U 2102.7, 0.05
 U 2077, 0.05
