121.629
 - 0, 50
150.399
 - 0, 100
268.802
 - 121.629, 36.8
 - 0, 30.1
289.014
 - 150.399, 58.3
440.67
 - 268.802, 14
 - 121.629, 30.9
451.514
 - 289.014, 43.2
 - 150.399, 4.98
457.964
 - 121.629, 1.4
 - 0, 72.7
552.105
 - 457.964, 8.5
 - 268.802, 0.02
 - 150.399, 0.16
 - 121.629, 0.52
 - 0, 6.3
569.679
 - 457.964, 11.1
 - 0, 0.23
573.63
 - 457.964, 1.53
636.242
 - 440.67, 5.31
 - 268.802, 17.2
637.113
 - 451.514, 25.8
 - 289.014, 5.95
671.95
 - 552.105, 10.3
 - 457.964, 1.28
 - 440.67, 0.06
 - 289.014, 0.1
 - 268.802, 0.21
 - 121.629, 4.9
 - 0, 1.69
709.414
 - 573.63, 3.3
 - 569.679, 0.35
 - 552.105, 0.02
 - 457.964, 0.12
720.806
 - 573.63, 9.5
 - 552.105, 0.17
 - 457.964, 0.06
761.62
 - 0, 18.5
761.715
 - 709.414, 0.12
 - 573.63, 7.2
 - 552.105, 2.58
 - 457.964, 0.14
 - 0, 26
795.228
 - 573.63, 0.17
 - 569.679, 0.06
811.453
 - 761.715, 0.35
 - 720.806, 0.04
 - 268.802, 1.36
 - 121.629, 4.1
 - 0, 1.18
816.705
 - 671.95, 9.5
 - 552.105, 2.75
 - 289.014, 0.23
 - 268.802, 3
 - 121.629, 1.84
823.034
 - 0, 1.28
844.911
 - 637.113, 7.66
 - 451.514, 2.95
854.359
 - 636.242, 1.4
 - 440.67, 6.44
907.5
 - 823.034, 0.019
 - 761.62, 27
 - 121.629, 0.6
 - 0, 2.98
956.42
 - 795.228, 0.036
 - 761.715, 0.052
956.675
 - 720.806, 4.2
 - 709.414, 2
957.327
 - 811.453, 10
 - 636.242, 0.16
 - 440.67, 0.64
 - 268.802, 0.37
980.195
 - 816.705, 0.08
 - 720.806, 14.6
985.309
 - 816.705, 7.2
 - 671.95, 3.4
 - 440.67, 1.61
 - 268.802, 1.8
1020.96
 - 823.034, 0.1
1049.46
 - 289.014, 0.43
 - 150.399, 10.1
 - 121.629, 0.29
1073.64
 - 844.911, 1.34
 - 637.113, 0.78
1088.62
 - 811.453, 0.33
 - 761.715, 0.1
1093.71
 - 854.359, 0.27
 - 636.242, 1.18
1151.83
 - 1020.96, 0.091
 - 907.5, 3.8
 - 121.629, 0.89
1165.61
 - 289.014, 5.58
 - 150.399, 1.12
1176.81
 - 985.309, 4.1
 - 816.705, 2.37
 - 636.242, 0.62
 - 451.514, 0.29
 - 440.67, 0.74
 - 268.802, 3.9
1184.2
 P 0, 1
1187.74
 - 671.95, 0.37
 - 289.014, 3.7
 - 121.629, 4
1201.66
 - 957.327, 3.8
1230.61
 - 150.399, 6.2
 - 0, 1.8
1241.1
 - 0, 0.6
1286.94
 - 985.309, 0.1
 - 957.327, 1.32
 - 811.453, 3
1303.07
 - 985.309, 0.12
 - 980.195, 2.68
 - 956.675, 2.9
1305.93
 - 440.67, 0.39
 - 268.802, 1.03
 - 121.629, 1.12
 - 0, 8.4
1319.7
 - 1151.83, 0.89
 - 1020.96, 0.14
 - 268.802, 1.71
 - 121.629, 2.15
1322.1
 - 795.228, 0.47
1322.18
 - 1073.64, 0.06
 - 844.911, 0.1
1328
 P 0, 1
1336.85
 - 121.629, 1.49
 - 0, 0.82
1344.39
 - 440.67, 2.55
 - 268.802, 1.07
 - 121.629, 1.91
 - 0, 1.82
1344.81
 - 980.195, 4.3
1356.89
 - 854.359, 0.06
 - 636.242, 0.87
 - 440.67, 1.26
 - 268.802, 7.3
1389
 - 289.014, 1.07
1389.67
 - 1176.81, 1.2
 - 985.309, 0.97
 - 854.359, 0.16
 - 636.242, 0.31
1394.62
 - 761.715, 0.85
1429.2
 P 0, 1
1443.73
 - 268.802, 1.4
 - 121.629, 1.12
 - 0, 0.83
1454.42
 - 1356.89, 0.39
 - 440.67, 3.6
 - 268.802, 3.2
 - 121.629, 1.78
1465
 P 0, 1
1471.12
 - 1305.93, 0.18
 - 636.242, 1.05
 - 440.67, 0.89
 - 268.802, 2.7
 - 121.629, 1.3
1480.6
 P 0, 1
1488.17
 - 1151.83, 1.4
 - 440.67, 0.87
 - 268.802, 2.3
 - 121.629, 2.9
1502.7
 - 1176.81, 0.23
 - 440.67, 3.7
 - 268.802, 1.65
 - 121.629, 3.6
1505.96
 - 440.67, 4.2
 - 268.802, 1.16
1544.34
 - 1389.67, 0.02
 - 1356.89, 0.36
 - 1176.81, 46
 - 854.359, 3.1
 - 636.242, 10.6
1564.11
 - 1286.94, 0.33
 - 1201.66, 0.52
 - 985.309, 0.1
 - 957.327, 1.9
 - 854.359, 0.66
1566.22
 - 289.014, 1
 - 268.802, 2.9
1573.47
 - 1394.62, 0.07
 - 761.62, 1.24
1573.7
 - 440.67, 0.71
 - 268.802, 1.9
 - 121.629, 0.71
1591
 P 0, 1
1607.4
 - 854.359, 1.01
 - 636.242, 0.58
 - 440.67, 2.17
1621
 - 720.806, 2.55
1623.25
 - 1389.67, 0.43
 - 636.242, 0.33
1628.27
 - 1286.94, 0.17
 - 811.453, 0.74
1632.79
 - 1502.7, 0.23
 - 1356.89, 0.24
 - 636.242, 0.66
1635.73
 - 1471.12, 0.055
 - 636.242, 0.5
 - 268.802, 4.1
1640.17
 - 795.228, 2.52
1650.5
 P 0, 1
1661.42
 - 636.242, 1.2
 - 440.67, 2.3
1677.2
 - 1502.7, 0.58
 - 854.359, 1.28
 - 637.113, 0.41
 - 440.67, 3.1
 - 268.802, 0.85
1693.03
 - 854.359, 0.7
 - 636.242, 1.67
 - 440.67, 0.8
 - 268.802, 0.7
1706
 P 0, 1
1711.9
 - 573.63, 0.48
1728.91
 - 1176.81, 16.9
 - 985.309, 0.56
 - 671.95, 1.67
1739.2
 P 0, 1
1745.53
 - 1389.67, 0.06
 - 1344.81, 0.02
 - 1303.07, 0.14
1746.58
 - 1544.34, 0.68
 - 1093.71, 0.6
 - 854.359, 1
1748.9
 P 0, 1
1754.7
 - 1621, 0.024
 - 720.806, 0.7
1756.71
 - 1628.27, 0.21
 - 1573.47, 0.07
 - 811.453, 1.18
 - 761.715, 0.33
1786.42
 - 1607.4, 0.07
 - 636.242, 1.11
1804.8
 P 0, 1
1812.39
 - 1632.79, 0.036
 - 854.359, 1.43
 - 636.242, 0.62
1820.74
 - 854.359, 3.1
 - 636.242, 1.12
1821.8
 - 1711.9, 0.095
1827.69
 - 1640.17, 0.33
 - 761.715, 5.6
1829.26
 - 1623.25, 0.04
 - 1344.81, 0.16
 - 1176.81, 0.64
1842.3
 P 0, 1
1852.4
 P 0, 1
1859.6
 P 0, 1
1862.5
 P 0, 1
1873.6
 - 1677.2, 0.157
 - 636.242, 3.1
1881.62
 - 816.705, 4.2
1894.4
 P 0, 1
1902
 P 0, 1
1910.2
 - 1754.7, 0.15
 - 1621, 0.18
1918.8
 P 0, 1
1925.42
 - 1728.91, 0.157
 - 1389.67, 0.6
 - 1176.81, 0.7
 - 985.309, 2.23
1942.6
 P 0, 1
1948
 P 0, 1
1954.6
 - 1821.8, 0.052
 - 1711.9, 0.19
1957.18
 - 956.675, 0.7
 - 811.453, 0.47
1960.1
 P 0, 1
1966.9
 P 0, 1
1982.5
 P 0, 1
1990.8
 P 0, 1
1997.4
 P 0, 1
2006
 P 0, 1
2012.8
 P 0, 1
2019.5
 P 0, 1
2033.2
 P 0, 1
2049.3
 P 0, 1
2052.83
 - 1881.62, 0.17
 - 1176.81, 5.6
 - 816.705, 3.1
 - 671.95, 1.8
2056.4
 P 0, 1
2087.9
 - 1910.2, 0.07
 - 1754.7, 0.17
2107.1
 U 1948, 0.15
2116.7
 P 0, 1
2134.2
 P 0, 1
2155.02
 - 1925.42, 0.14
 - 1728.91, 0.36
 - 1176.81, 1.79
 - 985.309, 1.3
2205.9
 P 0, 1
2246.99
 - 2052.83, 0.52
 - 1389.67, 0.95
 - 985.309, 0.8
 - 816.705, 0.6
4990.8
 P 0, 1
5063.4
 P 0, 1
5211.8
 P 0, 1
5269.1
 P 0, 1
5281.5
 P 0, 1
5292.6
 P 0, 1
5317.2
 P 0, 1
5335.6
 P 0, 1
5347.1
 P 0, 1
5368.1
 P 0, 1
5384.8
 P 0, 1
5401.9
 P 0, 1
5424.8
 P 0, 1
5443.6
 P 0, 1
5456.95
 P 0, 1
5511.3
 P 0, 1
5537.9
 P 0, 1
5550.5
 P 0, 1
5564.55
 P 0, 1
5578.5
 P 0, 1
5594.2
 P 0, 1
5608.2
 P 0, 1
5625.9
 P 0, 1
5660
 P 0, 1
5673.2
 P 0, 1
5684.3
 P 0, 1
5699.8
 P 0, 1
5717.6
 P 0, 1
5731.3
 P 0, 1
5764.11
 P 0, 1
5782.26
 P 0, 1
5793.8
 P 0, 1
5805.4
 P 0, 1
5823.3
 P 0, 1
5847.9
 P 0, 1
5878.1
 P 0, 1
5889
 P 0, 1
5911.1
 P 0, 1
5921.4
 P 0, 1
5932.8
 P 0, 1
5948
 P 0, 1
5959.66
 P 0, 1
5974.03
 P 0, 1
5986.2
 P 0, 1
6004.8
 P 0, 1
6017.57
 P 0, 1
6027.63
 P 0, 1
6037.82
 P 0, 1
6049.4
 P 0, 1
6060
 P 0, 1
6070.46
 P 0, 1
7072.8
 U 2205.9, 6.4
 U 2134.2, 2.2
 U 2116.7, 0.6
 U 2107.1, 1.1
 - 2087.9, 2.5
 U 2056.4, 5.4
 U 2049.3, 4.5
 U 2033.2, 0.6
 U 2019.5, 0.6
 U 2012.8, 0.5
 U 2006, 0.5
 U 1997.4, 0.5
 U 1990.8, 0.8
 U 1982.5, 0.9
 U 1966.9, 0.4
 U 1960.1, 3.1
 U 1948, 0.6
 U 1942.6, 0.3
 - 1925.42, 0.5
 U 1918.8, 0.9
 - 1910.2, 2.8
 U 1902, 2.1
 U 1894.4, 0.5
 - 1881.62, 3.4
 U 1862.5, 1.9
 U 1859.6, 1.8
 U 1852.4, 0.5
 U 1842.3, 0.3
 - 1827.69, 0.6
 - 1812.39, 0.5
 U 1804.8, 2.2
 - 1786.42, 0.2
 - 1754.7, 4.2
 U 1748.9, 3
 U 1739.2, 0.3
 - 1728.91, 6.3
 U 1706, 2
 - 1693.03, 1
 - 1677.2, 2.8
 U 1650.5, 0.5
 - 1632.79, 1.5
 - 1621, 0.6
 - 1607.4, 5.6
 U 1591, 0.4
 - 1573.47, 0.2
 - 1564.11, 0.2
 - 1544.34, 0.6
 - 1502.7, 9.1
 U 1480.6, 0.6
 - 1471.12, 8
 U 1465, 1.4
 - 1454.42, 0.7
 U 1429.2, 1.5
 - 1389.67, 0.2
 - 1356.89, 1.8
 - 1344.39, 5.5
 U 1328, 0.8
 - 1305.93, 1
 - 1303.07, 4.6
 - 1286.94, 0.7
 - 1230.61, 1
 - 1201.66, 0.2
 - 1187.74, 0.4
 U 1184.2, 0.3
 - 1176.81, 2.1
 - 1165.61, 0.2
 - 985.309, 0.5
 - 980.195, 1.1
 - 957.327, 0.3
 - 854.359, 0.2
 - 844.911, 0.2
 - 816.705, 1.9
 - 636.242, 2.6
 - 451.514, 0.5
 - 440.67, 0.2
 - 289.014, 0.2
 - 268.802, 10.7
 U 6070.46, 0.37
 U 6070.46, 0.19
 U 6070.46, 2.13
 U 6070.46, 1.05
 U 6070.46, 2.79
 U 6060, 0.78
 U 6060, 0.43
 U 6060, 0.47
 U 6049.4, 1.1
 U 6049.4, 3.2
 U 6037.82, 0.43
 U 6027.63, 0.78
 U 6027.63, 1.2
 U 6027.63, 1.16
 U 6017.57, 0.66
 U 6017.57, 0.66
 U 6017.57, 0.66
 U 6004.8, 1.4
 U 5986.2, 1.67
 U 5986.2, 0.81
 U 5986.2, 1.2
 U 5986.2, 0.45
 U 5974.03, 0.68
 U 5959.66, 0.87
 U 5959.66, 0.58
 U 5959.66, 0.7
 U 5948, 0.35
 U 5948, 0.43
 U 5948, 0.54
 U 5932.8, 1.07
 U 5921.4, 0.6
 U 5921.4, 0.6
 U 5921.4, 0.27
 U 5911.1, 0.31
 U 5889, 0.43
 U 5889, 0.85
 U 5889, 1.07
 U 5878.1, 0.85
 U 5878.1, 1.63
 U 5878.1, 1.79
 U 5878.1, 5.8
 U 5847.9, 0.35
 U 5847.9, 1.2
 U 5847.9, 2.17
 U 5823.3, 0.36
 U 5823.3, 1.92
 U 5805.4, 0.6
 U 5805.4, 0.78
 U 5805.4, 0.8
 U 5805.4, 0.8
 U 5793.8, 0.66
 U 5793.8, 0.7
 U 5793.8, 1.05
 U 5793.8, 0.8
 U 5782.26, 1.07
 U 5782.26, 0.93
 U 5764.11, 1.28
 U 5764.11, 0.95
 U 5731.3, 0.74
 U 5731.3, 1.1
 U 5731.3, 1.92
 U 5717.6, 0.85
 U 5717.6, 0.8
 U 5717.6, 0.99
 U 5699.8, 0.62
 U 5699.8, 1.2
 U 5699.8, 0.85
 U 5699.8, 1.1
 U 5684.3, 0.7
 U 5684.3, 0.6
 U 5673.2, 0.85
 U 5673.2, 2.3
 U 5673.2, 1.43
 U 5660, 1.1
 U 5660, 0.93
 U 5660, 0.8
 U 5625.9, 0.6
 U 5625.9, 1.1
 U 5608.2, 0.83
 U 5594.2, 0.6
 U 5564.55, 1.67
 U 5456.95, 0.72
 U 5443.6, 10.62
 U 5401.9, 0.6
