93.324
 - 0, 9.85
308.576
 - 93.324, 34.5
640.85
 - 308.576, 9.25
1083.93
 - 640.85, 1.69
1107.24
 - 93.324, 0.1
1164.08
 - 93.324, 0.36
1192.63
 - 640.85, 0.24
 - 308.576, 0.1
1199.68
 - 1107.24, 0.014
 - 308.576, 0.28
 - 93.324, 2.48
 - 0, 2.77
1260.67
 - 1164.08, 0.017
 - 308.576, 0.05
 - 93.324, 0.14
 - 0, 3.8
1290.99
 - 308.576, 0.85
 - 93.324, 4.27
1300.35
 - 0, 1.85
1369.57
 - 640.85, 0.23
 - 308.576, 2.65
 - 93.324, 0.27
1374.33
 - 1260.67, 0.05
 - 308.576, 23.75
 - 93.324, 1.05
1381.55
 - 1300.35, 0.15
 - 308.576, 0.14
 - 93.324, 0.32
1409.24
 - 1199.68, 0.04
 - 640.85, 0.12
 - 308.576, 2.43
 - 93.324, 1.7
1429.77
 - 1374.33, 0.17
 - 308.576, 0.36
 - 93.324, 0.22
1472.23
 - 1290.99, 0.06
 - 1083.93, 0.25
 - 640.85, 0.18
 - 308.576, 0.13
1482.63
 - 1374.33, 1.9
 - 93.324, 0.15
1484.43
 - 1260.67, 0.06
 - 93.324, 0.08
1532.9
 - 640.85, 0.2
1539.25
 - 1429.77, 0.62
 - 308.576, 0.34
 - 93.324, 0.07
1557.28
 - 640.85, 0.49
 - 308.576, 2.32
1559.26
 - 1482.63, 0.48
 - 1381.55, 0.17
 - 1300.35, 0.1
1597.48
 - 1472.23, 0.07
 - 1290.99, 0.15
 - 640.85, 0.16
 - 308.576, 0.32
1607.62
 - 1429.77, 0.19
 - 1409.24, 0.04
 - 1374.33, 0.22
 - 1290.99, 0.64
 - 1199.68, 1.57
 - 308.576, 0.5
 - 93.324, 0.27
1609.35
 - 1374.33, 4.46
 - 1199.68, 0.18
 - 93.324, 0.21
1613.05
 - 1559.26, 0.32
 - 1374.33, 0.79
 - 1369.57, 0.1
1637.16
 - 1381.55, 0.08
 - 1290.99, 0.37
 - 308.576, 0.23
 - 93.324, 0.1
 - 0, 0.14
1657.96
 - 640.85, 1
1680.4
 - 1482.63, 0.04
1700.81
 - 1559.26, 0.17
 - 640.85, 2.65
 - 308.576, 0.08
1709.5
 - 308.576, 0.16
1724.77
 - 1369.57, 0.1
 - 1290.99, 0.34
 - 308.576, 0.51
 - 93.324, 0.12
1743.33
 - 1484.43, 0.1
 - 1429.77, 0.13
 - 1290.99, 0.16
 - 93.324, 0.14
 - 0, 0.21
1813.9
 - 1559.26, 0.19
 - 1539.25, 0.16
 - 93.324, 0.07
1818.56
 - 1613.05, 1.35
 - 308.576, 0.11
1861.61
 - 1374.33, 0.55
 - 308.576, 0.06
1909.68
 - 1607.62, 0.23
 - 1199.68, 0.16
1945.22
 - 1559.26, 0.19
 - 1290.99, 0.13
 - 1199.68, 0.14
 - 308.576, 0.14
 - 93.324, 0.08
 - 0, 0.44
1959.46
 - 1482.63, 0.57
 - 1374.33, 0.13
2018.2
 - 1374.33, 0.28
2034.37
 - 1482.63, 0.24
 - 1290.99, 0.24
 - 93.324, 0.1
2077.82
 - 1613.05, 0.35
 - 308.576, 0.35
2151.46
 - 1613.05, 0.65
 - 1260.67, 0.28
 - 1199.68, 0.05
 - 93.324, 0.1
2174
 - 1374.33, 0.38
 - 308.576, 0.1
2187.56
 - 308.576, 0.23
2275.6
 - 1607.62, 0.17
2316.64
 - 2034.37, 0.42
 - 1613.05, 0.11
 - 1609.35, 0.09
 - 308.576, 0.15
2320.9
 - 1374.33, 0.15
2334.9
 - 1609.35, 0.42
2477.04
 - 2316.64, 0.12
 - 1613.05, 0.14
 - 1559.26, 0.25
 - 1539.25, 0.16
 - 1290.99, 0.12
 - 640.85, 0.07
2534.9
 P 0, 1
2649.3
 P 0, 1
2679.97
 - 2316.64, 0.16
 - 1700.81, 0.11
 - 1539.25, 0.21
 - 1192.63, 0.06
2741.3
 - 1374.33, 0.09
2839.9
 - 1369.57, 0.09
3089.7
 - 1374.33, 0.14
5149.1
 P 0, 1
5188.4
 P 0, 1
5204.1
 P 0, 1
5227.6
 P 0, 1
5268.9
 P 0, 1
5281.2
 P 0, 1
5302.5
 P 0, 1
5335.9
 P 0, 1
5409.9
 P 0, 1
5432.8
 P 0, 1
5449.1
 P 0, 1
5466.7
 P 0, 1
5478.6
 P 0, 1
5495.1
 P 0, 1
5506.3
 P 0, 1
5553.7
 P 0, 1
5573.8
 P 0, 1
5586.8
 P 0, 1
5615.8
 P 0, 1
5627.7
 P 0, 1
5641.3
 P 0, 1
5659.8
 P 0, 1
5714.8
 P 0, 1
5729.9
 P 0, 1
5753.8
 P 0, 1
5772.9
 P 0, 1
5784.6
 P 0, 1
5806.8
 P 0, 1
5817.3
 P 0, 1
5837.4
 P 0, 1
5884.3
 P 0, 1
5896.9
 P 0, 1
5931.2
 P 0, 1
5947.1
 P 0, 1
6001.1
 P 0, 1
6036.9
 P 0, 1
6049.3
 P 0, 1
6085.6
 P 0, 1
6100.7
 P 0, 1
6161.1
 P 0, 1
6180.7
 P 0, 1
6205.8
 P 0, 1
6235.9
 P 0, 1
6249.2
 P 0, 1
6264.6
 P 0, 1
6277.1
 P 0, 1
6290
 P 0, 1
6310.2
 P 0, 1
6333
 P 0, 1
6345.9
 P 0, 1
6357.1
 P 0, 1
6368.3
 P 0, 1
6384.6
 P 0, 1
7387.6
 - 2679.97, 1120
 - 2477.04, 990
 - 2320.9, 150
 - 2316.64, 580
 - 2034.37, 140
 - 1909.68, 440
 - 1813.9, 1490
 - 1724.77, 25
 - 1709.5, 310
 - 1637.16, 22
 - 1613.05, 390
 - 1609.35, 1050
 - 1557.28, 30
 - 1539.25, 1000
 - 1482.63, 80
 - 1429.77, 290
 - 1409.24, 95
 - 1374.33, 110
 - 1369.57, 140
 - 1300.35, 21
 - 1290.99, 64
 - 1192.63, 13
 - 640.85, 24
 - 308.576, 194
 - 93.324, 3.4
 U 6384.6, 0.54
 U 6384.6, 0.13
 U 6368.3, 0.11
 U 6368.3, 0.16
 U 6357.1, 0.07
 U 6357.1, 0.1
 U 6345.9, 0.13
 U 6333, 0.28
 U 6310.2, 0.3
 U 6310.2, 0.44
 U 6310.2, 0.08
 U 6290, 0.14
 U 6277.1, 0.13
 U 6277.1, 0.12
 U 6264.6, 0.05
 U 6264.6, 0.08
 U 6249.2, 0.12
 U 6235.9, 0.28
 U 6205.8, 0.1
 U 6180.7, 1.6
 U 6180.7, 0.15
 U 6161.1, 0.2
 U 6100.7, 0.09
 U 6085.6, 1.1
 U 6049.3, 0.12
 U 6036.9, 0.11
 U 6036.9, 0.04
 U 6036.9, 0.07
 U 6001.1, 0.09
 U 6001.1, 0.72
 U 5947.1, 0.07
 U 5947.1, 0.1
 U 5931.2, 0.08
 U 5896.9, 0.04
 U 5896.9, 0.06
 U 5896.9, 0.08
 U 5884.3, 0.08
 U 5837.4, 0.08
 U 5837.4, 0.07
 U 5817.3, 0.05
 U 5817.3, 0.07
 U 5817.3, 0.15
 U 5817.3, 0.08
 U 5806.8, 0.06
 U 5784.6, 0.09
 U 5772.9, 0.11
 U 5772.9, 0.1
 U 5753.8, 0.13
 U 5753.8, 0.19
 U 5729.9, 0.07
 U 5714.8, 0.09
 U 5714.8, 0.22
 U 5659.8, 0.17
 U 5641.3, 0.23
 U 5627.7, 0.15
 U 5627.7, 0.12
 U 5615.8, 0.23
 U 5586.8, 0.06
 U 5573.8, 0.06
 U 5553.7, 0.11
 U 5553.7, 0.28
 U 5506.3, 0.06
 U 5506.3, 0.1
 U 5495.1, 0.17
 U 5495.1, 0.1
 U 5495.1, 0.09
 U 5478.6, 0.15
 U 5478.6, 0.13
 U 5466.7, 0.06
 U 5466.7, 0.07
 U 5449.1, 0.16
 U 5449.1, 0.1
 U 5432.8, 0.13
 U 5409.9, 0.14
 U 5335.9, 0.1
 U 5302.5, 0.09
 U 5302.5, 0.1
 U 5281.2, 0.14
 U 5268.9, 0.15
 U 5227.6, 0.14
 U 5204.1, 0.89
 U 5188.4, 0.17
 U 5149.1, 0.08
 U 2649.3, 280
 U 2534.9, 450
 - 2316.64, 150
