23.4
 P 0, 1
65.5
 P 0, 1
93.5
 P 0, 1
173.7
 U 65.5, 1.9
 - 0, 13.3
187.9
 U 23.4, 1.7
 - 0, 4
242.5
 U 65.5, 20.2
 - 0, 1
390.3
 - 242.5, 1.3
663.6
 U 93.5, 44.7
 U 23.4, 80.2
 - 0, 100
730
 U 93.5, 64.4
768.39
 - 187.9, 31
 U 93.5, 28.4
 U 23.4, 44.5
 - 0, 22.7
774
 P 0, 1
822.77
 - 242.5, 31
 U 65.5, 70.6
 - 0, 100.1
1006.8
 U 93.5, 112
 - 0, 32.7
1062.5
 - 822.77, 2
 - 173.7, 37.8
1181.54
 - 663.6, 24
 - 187.9, 10
 U 23.4, 37.1
 - 0, 117
1219.1
 - 242.5, 23.9
 - 187.9, 45
 U 93.5, 68.2
 U 65.5, 15.5
 U 23.4, 46.1
1246
 P 0, 1
1285.5
 - 187.9, 10
 - 173.7, 10
1359.2
 P 0, 1
1441.2
 U 93.5, 30
1503.5
 - 663.6, 20
 - 173.7, 43
 U 93.5, 37.6
1535.4
 - 187.9, 30
1572.3
 P 0, 1
1657
 P 0, 1
1881.2
 P 0, 1
4301.7
 P 0, 1
4588.6
 P 0, 1
4631.1
 P 0, 1
4649.7
 P 0, 1
4678.7
 P 0, 1
4705.7
 P 0, 1
4725.9
 P 0, 1
5753.7
 U 1881.2, 11
 U 1657, 6.1
 U 1572.3, 9.5
 - 1535.4, 50
 U 1441.2, 43
 U 1359.2, 12.2
 - 1285.5, 33
 U 1246, 6
 - 1219.1, 111.4
 - 1181.54, 153
 - 1062.5, 11.3
 - 1006.8, 86
 - 822.77, 43.5
 U 774, 24.4
 - 768.39, 27.8
 U 730, 9.6
 - 663.6, 100
 U 93.5, 2.6
 U 23.4, 5.2
 - 0, 56.5
 U 4725.9, 40
 U 4705.7, 10
 U 4678.7, 10
 U 4649.7, 10
 U 4631.1, 34
 U 4588.6, 80
 U 4588.6, 31.4
 U 4301.7, 37
 U 4301.7, 35
