111.216
 - 0, 19.38
 E 0, 49.8066
364.072
 - 111.216, 7.08
 E 111.216, 1.0174
748.15
 - 364.072, 0.24
 E 364.072, 0.010056
903.281
 - 364.072, 0.156
 E 364.072, 0.00271908
 - 111.216, 11.88
 E 111.216, 0.0870804
 - 0, 12.24
 E 0, 0.0678096
1002.49
 - 111.216, 6
 E 111.216, 0.0345
1005.96
 - 364.072, 0.822
 E 364.072, 0.00972426
 - 111.216, 6.78
 E 111.216, 0.0385782
1121.4
 - 364.072, 2.604
 E 364.072, 0.0209101
 - 111.216, 3.42
 - 0, 1.332
 E 0, 0.00478188
1130.02
 - 1005.96, 0.678
 E 1005.96, 0.145092
 - 903.281, 6.96
 E 903.281, 0.41064
 - 111.216, 0.342
1133.74
 - 364.072, 0.756
 E 364.072, 0.006048
 - 111.216, 0.558
 E 111.216, 0.00240498
1221.3
 - 1130.02, 0.0654
 E 1130.02, 0.394362
 - 1005.96, 1.032
 E 1005.96, 0.0535608
 - 903.281, 1.986
 E 903.281, 0.0401172
 - 111.216, 0.18
 E 111.216, 0.0002862
1284.88
 - 748.15, 0.096
 E 748.15, 0.0006528
 - 364.072, 0.33
 E 364.072, 0.00099
1294.07
 - 364.072, 0.24
1322.13
 - 903.281, 0.846
 E 903.281, 0.0280026
1345.33
 - 1133.74, 0.096
 E 1133.74, 0.0052032
 - 1005.96, 0.354
 E 1005.96, 0.006018
1386.22
 - 1005.96, 0.12
 E 1005.96, 0.0084
 - 903.281, 0.594
 E 903.281, 0.024948
 - 111.216, 3.042
 - 0, 2.436
 E 0, 0.00589512
1424.98
 - 1221.3, 0.132
 E 1221.3, 0.0079068
 - 1130.02, 0.996
 E 1130.02, 0.0237048
 - 364.072, 0.24
 E 364.072, 0.00096
 - 111.216, 0.738
 E 111.216, 0.00196308
1431
 - 1005.96, 0.108
 - 111.216, 1.284
 - 0, 1.008
 E 0, 0.0023184
1523.27
 - 111.216, 0.87
1536.88
 - 1221.3, 0.156
 - 111.216, 0.12
1570.2
 - 0, 0.3
1613.51
 - 1005.96, 1.068
 - 903.281, 1.008
 - 111.216, 0.258
1614.87
 - 903.281, 1.044
 - 111.216, 0.57
1627.67
 - 1386.22, 0.084
 E 1386.22, 0.033264
 - 903.281, 1.71
1713.44
 - 903.281, 0.3
1775.38
 - 1005.96, 0.204
 - 903.281, 0.402
1808.54
 - 1221.3, 0.18
 - 1130.02, 0.402
 - 1005.96, 0.168
 - 364.072, 0.318
 - 111.216, 0.366
 - 0, 0.276
1876.69
 - 1221.3, 0.12
 - 1130.02, 0.216
 - 111.216, 0.45
 - 0, 0.414
1995.47
 - 0, 1.02
2012.9
 - 1130.02, 0.24
 - 1005.96, 0.33
 - 111.216, 0.156
2031.3
 - 111.216, 0.366
2035.57
 - 903.281, 0.18
 - 0, 1.02
2056.31
 - 111.216, 1.08
 - 0, 0.87
2060.9
 - 1424.98, 0.252
 - 111.216, 0.924
2089.9
 P 0, 1
2097.8
 - 111.216, 0.402
 - 0, 0.498
2104.21
 - 1322.13, 0.108
 - 1121.4, 0.168
 - 1005.96, 0.402
2112.5
 - 1130.02, 0.168
2126.08
 - 1130.02, 0.522
 - 1121.4, 0.438
 - 111.216, 0.996
2168.17
 - 1424.98, 0.498
 - 1386.22, 0.108
 - 1322.13, 0.18
 - 1121.4, 0.18
 - 903.281, 0.12
 - 111.216, 0.87
2221.9
 - 1775.38, 0.084
 - 111.216, 0.402
2228.29
 - 1345.33, 0.24
 - 1221.3, 0.33
 - 1130.02, 0.402
2246.32
 - 111.216, 0.366
2294.54
 - 903.281, 0.426
 - 111.216, 0.924
2320.4
 P 0, 1
2352
 P 0, 1
2370.2
 - 111.216, 0.51
 - 0, 0.474
2389.2
 - 0, 0.342
2395.53
 - 1613.51, 0.108
 - 111.216, 1.08
 - 0, 0.192
2403.7
 - 903.281, 0.378
2429.6
 P 0, 1
2439.7
 P 0, 1
2458.7
 P 0, 1
2486.7
 P 0, 1
2509.4
 P 0, 1
2519
 P 0, 1
2543.28
 P 0, 1
2555.2
 P 0, 1
2573.4
 P 0, 1
2591
 P 0, 1
2613.6
 P 0, 1
2619.3
 P 0, 1
2629.9
 P 0, 1
2649.7
 P 0, 1
2707.4
 P 0, 1
2720.4
 P 0, 1
2730.3
 P 0, 1
2758.1
 P 0, 1
2764
 P 0, 1
2777.08
 P 0, 1
2797.8
 P 0, 1
2802
 P 0, 1
2814.4
 P 0, 1
2839.08
 P 0, 1
2849.2
 P 0, 1
2855.6
 P 0, 1
2871.5
 P 0, 1
2902
 P 0, 1
2919.3
 P 0, 1
2950.8
 P 0, 1
2968.2
 P 0, 1
2982.4
 P 0, 1
3004.1
 P 0, 1
3017.5
 P 0, 1
3026.5
 P 0, 1
3035.5
 P 0, 1
3068.9
 P 0, 1
3104.5
 P 0, 1
3112.1
 P 0, 1
3135.7
 P 0, 1
3168.3
 P 0, 1
3184.4
 P 0, 1
3192.8
 P 0, 1
3200.3
 P 0, 1
3220.6
 P 0, 1
3227.1
 P 0, 1
3244.6
 P 0, 1
3251.1
 P 0, 1
3264.6
 P 0, 1
3274.98
 P 0, 1
3290.5
 P 0, 1
3307.9
 P 0, 1
3316.6
 P 0, 1
3328.9
 P 0, 1
3351.6
 P 0, 1
3364.7
 P 0, 1
3371.5
 P 0, 1
3377.5
 P 0, 1
3386.1
 P 0, 1
3398.68
 P 0, 1
3428.5
 P 0, 1
3448.2
 P 0, 1
3454.3
 P 0, 1
3487.1
 P 0, 1
3501
 P 0, 1
3517.8
 P 0, 1
3536.38
 P 0, 1
3546.9
 P 0, 1
3571.9
 P 0, 1
3594.88
 P 0, 1
3617.6
 P 0, 1
3634.5
 P 0, 1
3652
 P 0, 1
3686.3
 P 0, 1
3703.2
 P 0, 1
3714.9
 P 0, 1
3733.68
 P 0, 1
3743.9
 P 0, 1
3770.6
 P 0, 1
3782.3
 P 0, 1
3807
 P 0, 1
3824.88
 P 0, 1
3837.78
 P 0, 1
3848.68
 P 0, 1
3861.68
 P 0, 1
3882.8
 P 0, 1
3930.2
 P 0, 1
3961.9
 P 0, 1
3971.9
 P 0, 1
4008.78
 P 0, 1
4040.88
 P 0, 1
4061.6
 P 0, 1
4073.18
 P 0, 1
4093.28
 P 0, 1
4122.28
 P 0, 1
4175.08
 P 0, 1
4186.48
 P 0, 1
4198.48
 P 0, 1
4221.18
 P 0, 1
4231.58
 P 0, 1
4241.78
 P 0, 1
4280.78
 P 0, 1
4310.48
 P 0, 1
4326.88
 P 0, 1
4338.68
 P 0, 1
4354.08
 P 0, 1
4364.48
 P 0, 1
4393.18
 P 0, 1
4403.78
 P 0, 1
4415.88
 P 0, 1
4442.38
 P 0, 1
4456.78
 P 0, 1
4468.98
 P 0, 1
4493.08
 P 0, 1
4533.68
 P 0, 1
4572.78
 P 0, 1
4618.08
 P 0, 1
4636.58
 P 0, 1
4647.68
 P 0, 1
4662.48
 P 0, 1
4678.08
 P 0, 1
4690.78
 P 0, 1
4707.28
 P 0, 1
4720.48
 P 0, 1
4750.58
 P 0, 1
4760.68
 P 0, 1
4780.28
 P 0, 1
4820.18
 P 0, 1
4872.98
 P 0, 1
4889.28
 P 0, 1
4910.78
 P 0, 1
4923.38
 P 0, 1
4940.68
 P 0, 1
4952.78
 P 0, 1
4966.08
 P 0, 1
4993.58
 P 0, 1
5011.68
 P 0, 1
5038.18
 P 0, 1
5052.58
 P 0, 1
5064.18
 P 0, 1
5082.98
 P 0, 1
5097.28
 P 0, 1
5107.58
 P 0, 1
5122.18
 P 0, 1
5132.58
 P 0, 1
5143.58
 P 0, 1
5167.68
 P 0, 1
5193.88
 P 0, 1
5210.18
 P 0, 1
5232.58
 P 0, 1
5266.38
 P 0, 1
5280.58
 P 0, 1
5327.98
 P 0, 1
5374.18
 P 0, 1
5406.68
 P 0, 1
5418.18
 P 0, 1
5433.18
 P 0, 1
5468.08
 P 0, 1
5501.08
 P 0, 1
5515.48
 P 0, 1
5529.08
 P 0, 1
5541.48
 P 0, 1
5552.68
 P 0, 1
5562.76
 P 0, 1
5584.38
 P 0, 1
5595.88
 P 0, 1
5627.48
 P 0, 1
5639.08
 P 0, 1
5649.98
 P 0, 1
5675.91
 P 0, 1
5786.38
 P 0, 1
5802.83
 P 0, 1
5825.68
 P 0, 1
5842.88
 P 0, 1
5856.28
 P 0, 1
5868.08
 P 0, 1
5887.58
 P 0, 1
5909.18
 P 0, 1
5923.58
 P 0, 1
5975.88
 P 0, 1
5989.55
 P 0, 1
6008.38
 P 0, 1
6039.48
 P 0, 1
6072.86
 P 0, 1
6093.98
 P 0, 1
6105.38
 P 0, 1
6154.55
 P 0, 1
6218.59
 P 0, 1
6229.18
 P 0, 1
6248.08
 P 0, 1
6260.38
 P 0, 1
6284.98
 P 0, 1
6304.48
 P 0, 1
6320.68
 P 0, 1
6355.78
 P 0, 1
6372.68
 P 0, 1
6398.08
 P 0, 1
7411.18
 U 4061.6, 0.264
 U 3971.9, 0.15
 U 3961.9, 0.252
 U 3930.2, 0.108
 U 3882.8, 0.336
 U 3807, 0.228
 U 3782.3, 0.126
 U 3770.6, 0.204
 U 3743.9, 0.264
 U 3714.9, 0.21
 U 3703.2, 0.282
 U 3686.3, 0.198
 U 3652, 0.216
 U 3634.5, 0.264
 U 3617.6, 0.144
 U 3571.9, 0.204
 U 3546.9, 0.222
 U 3501, 0.192
 U 3487.1, 0.102
 U 3454.3, 0.222
 U 3448.2, 0.234
 U 3428.5, 0.132
 U 3386.1, 0.264
 U 3377.5, 0.15
 U 3371.5, 0.114
 U 3364.7, 0.072
 U 3351.6, 0.12
 U 3328.9, 0.15
 U 3316.6, 0.066
 U 3307.9, 0.138
 U 3290.5, 0.366
 U 3264.6, 0.342
 U 3251.1, 0.468
 U 3244.6, 0.192
 U 3227.1, 0.222
 U 3220.6, 0.18
 U 3200.3, 0.192
 U 3192.8, 0.144
 U 3184.4, 0.636
 U 3168.3, 0.36
 U 3135.7, 0.36
 U 3112.1, 0.252
 U 3104.5, 0.81
 U 3068.9, 0.258
 U 3035.5, 0.354
 U 3026.5, 0.6
 U 3017.5, 0.366
 U 3004.1, 0.108
 U 2982.4, 0.078
 U 2968.2, 0.402
 U 2950.8, 0.282
 U 2919.3, 0.222
 U 2902, 0.162
 U 2871.5, 0.114
 U 2855.6, 0.096
 U 2849.2, 0.162
 U 2814.4, 0.558
 U 2802, 0.618
 U 2797.8, 0.126
 U 2764, 0.846
 U 2758.1, 0.258
 U 2730.3, 0.324
 U 2720.4, 0.198
 U 2707.4, 0.312
 U 2649.7, 0.15
 U 2629.9, 0.18
 U 2619.3, 0.102
 U 2613.6, 0.384
 U 2591, 0.042
 U 2573.4, 0.06
 U 2555.2, 0.096
 U 2519, 0.27
 U 2509.4, 0.15
 U 2486.7, 0.108
 U 2458.7, 0.372
 U 2439.7, 0.234
 U 2429.6, 0.036
 - 2403.7, 0.312
 - 2395.53, 1.554
 - 2389.2, 0.432
 - 2370.2, 0.234
 U 2352, 0.06
 U 2320.4, 0.072
 - 2294.54, 1.104
 - 2246.32, 0.456
 - 2228.29, 0.072
 - 2221.9, 0.12
 - 2168.17, 0.576
 - 2126.08, 1.092
 - 2112.5, 0.108
 - 2104.21, 0.096
 - 2097.8, 0.216
 U 2089.9, 0.282
 - 2060.9, 0.264
 - 2056.31, 0.0438
 - 2035.57, 0.252
 - 2031.3, 0.15
 - 2012.9, 0.114
 - 1995.47, 0.0132
 - 1876.69, 0.504
 - 1808.54, 0.162
 - 1775.38, 0.096
 - 1713.44, 0.105
 - 1627.67, 0.246
 - 1614.87, 2.244
 - 1431, 0.36
 - 1386.22, 3.48
 - 1322.13, 0.0744
 - 1221.3, 2.538
 - 1130.02, 0.156
 - 1121.4, 2.286
 - 1002.49, 4.2
 - 903.281, 0.93
 - 111.216, 1.5
 - 0, 6
 U 6398.08, 0.252
 U 6372.68, 0.12
 U 6372.68, 0.36
 U 6355.78, 0.3
 U 6320.68, 0.24
 U 6320.68, 0.24
 U 6304.48, 0.24
 U 6284.98, 0.252
 U 6284.98, 0.36
 U 6260.38, 0.24
 U 6260.38, 0.36
 U 6248.08, 0.24
 U 6248.08, 0.36
 U 6229.18, 0.42
 U 6229.18, 0.3
 U 6218.59, 0.168
 U 6154.55, 0.216
 U 6154.55, 0.48
 U 6105.38, 0.42
 U 6105.38, 0.24
 U 6105.38, 0.24
 U 6093.98, 0.3
 U 6072.86, 0.24
 U 6039.48, 0.24
 U 6039.48, 0.24
 U 6008.38, 0.3
 U 6008.38, 0.24
 U 5989.55, 0.18
 U 5989.55, 0.36
 U 5989.55, 0.42
 U 5975.88, 0.216
 U 5923.58, 0.33
 U 5909.18, 0.54
 U 5909.18, 1.02
 U 5887.58, 0.342
 U 5868.08, 0.204
 U 5856.28, 0.318
 U 5842.88, 0.3
 U 5842.88, 0.3
 U 5825.68, 0.474
 U 5802.83, 0.318
 U 5786.38, 0.522
 U 5786.38, 0.18
 U 5786.38, 0.654
 U 5786.38, 0.51
 U 5675.91, 0.402
 U 5649.98, 0.24
 U 5639.08, 0.3
 U 5627.48, 0.24
 U 5627.48, 0.618
 U 5595.88, 0.48
 U 5584.38, 0.366
 U 5584.38, 0.486
 U 5562.76, 0.402
 U 5562.76, 0.216
 U 5552.68, 0.3
 U 5541.48, 0.714
 U 5529.08, 0.54
 U 5529.08, 0.3
 U 5515.48, 0.486
 U 5515.48, 0.36
 U 5501.08, 0.3
 U 5468.08, 0.42
 U 5468.08, 0.402
 U 5468.08, 0.9
 U 5433.18, 0.198
 U 5433.18, 0.54
 U 5418.18, 0.3
 U 5418.18, 0.48
 U 5418.18, 0.228
 U 5406.68, 0.48
 U 5406.68, 0.78
 U 5374.18, 0.3
 U 5374.18, 0.3
 U 5327.98, 0.18
 U 5280.58, 0.54
 U 5266.38, 0.48
 U 5232.58, 0.48
 U 5232.58, 0.54
 U 5210.18, 0.48
 U 5193.88, 0.96
 U 5167.68, 0.48
 U 5167.68, 0.36
 U 5143.58, 0.474
 U 5143.58, 0.42
 U 5132.58, 0.54
 U 5122.18, 0.36
 U 5122.18, 0.42
 U 5122.18, 0.42
 U 5107.58, 0.48
 U 5107.58, 0.36
 U 5097.28, 0.36
 U 5097.28, 0.48
 U 5097.28, 0.42
 U 5082.98, 0.894
 U 5082.98, 0.3
 U 5064.18, 0.42
 U 5052.58, 0.3
 U 5052.58, 0.54
 U 5052.58, 0.24
 U 5038.18, 0.42
 U 5038.18, 0.36
 U 5011.68, 0.24
 U 5011.68, 0.36
 U 4993.58, 0.36
 U 4966.08, 0.18
 U 4966.08, 0.36
 U 4952.78, 0.558
 U 4952.78, 0.66
 U 4952.78, 0.42
 U 4940.68, 0.48
 U 4940.68, 0.3
 U 4923.38, 0.54
 U 4910.78, 0.42
 U 4889.28, 0.66
 U 4872.98, 0.3
 U 4872.98, 0.66
 U 4820.18, 0.36
 U 4780.28, 0.48
 U 4760.68, 0.36
 U 4750.58, 0.54
 U 4720.48, 0.558
 U 4720.48, 0.24
 U 4707.28, 0.798
 U 4690.78, 0.42
 U 4678.08, 0.426
 U 4678.08, 0.48
 U 4662.48, 0.42
 U 4662.48, 0.48
 U 4647.68, 0.72
 U 4636.58, 0.54
 U 4636.58, 0.48
 U 4618.08, 0.42
 U 4618.08, 0.42
 U 4572.78, 0.48
 U 4572.78, 0.6
 U 4572.78, 0.48
 U 4533.68, 0.3
 U 4533.68, 0.3
 U 4493.08, 0.42
 U 4493.08, 0.18
 U 4468.98, 0.36
 U 4468.98, 0.3
 U 4456.78, 0.54
 U 4442.38, 0.6
 U 4415.88, 0.48
 U 4415.88, 0.42
 U 4403.78, 0.6
 U 4403.78, 0.54
 U 4393.18, 0.48
 U 4364.48, 0.24
 U 4364.48, 0.6
 U 4354.08, 0.9
 U 4338.68, 0.48
 U 4338.68, 0.54
 U 4326.88, 0.66
 U 4326.88, 0.48
 U 4310.48, 0.66
 U 4310.48, 0.66
 U 4280.78, 0.42
 U 4280.78, 0.36
 U 4241.78, 0.3
 U 4231.58, 0.36
 U 4231.58, 0.6
 U 4221.18, 0.48
 U 4221.18, 0.78
 U 4198.48, 0.42
 U 4198.48, 0.54
 U 4186.48, 0.72
 U 4186.48, 0.54
 U 4186.48, 0.48
 U 4175.08, 0.6
 U 4175.08, 0.78
 U 4175.08, 0.24
 U 4122.28, 0.48
 U 4093.28, 0.42
 U 4093.28, 0.24
 U 4073.18, 0.3
 U 4061.6, 0.54
 U 4040.88, 0.42
 U 4040.88, 0.54
 U 4008.78, 0.48
 U 4008.78, 0.54
 U 3971.9, 0.42
 U 3930.2, 0.36
 U 3861.68, 0.36
 U 3848.68, 0.42
 U 3837.78, 0.9
 U 3824.88, 0.78
 U 3824.88, 0.9
 U 3782.3, 0.48
 U 3770.6, 0.72
 U 3770.6, 0.3
 U 3733.68, 0.54
 U 3703.2, 0.6
 U 3703.2, 0.66
 U 3703.2, 0.9
 U 3617.6, 0.36
 U 3594.88, 0.42
 U 3571.9, 0.36
 U 3571.9, 0.42
 U 3536.38, 0.84
 U 3536.38, 0.78
 U 3517.8, 0.72
 U 3454.3, 0.78
 U 3454.3, 0.54
 U 3428.5, 0.42
 U 3428.5, 0.66
 U 3398.68, 0.66
 U 3371.5, 0.36
 U 3364.7, 0.42
 U 3351.6, 0.6
 U 3307.9, 0.54
 U 3307.9, 0.96
 U 3290.5, 0.72
 U 3274.98, 0.66
 U 3200.3, 0.48
 U 3112.1, 0.54
 U 3035.5, 0.6
 U 3004.1, 0.54
 U 3004.1, 0.54
 U 2902, 0.48
 U 2871.5, 0.42
 U 2871.5, 0.36
 U 2839.08, 0.48
 U 2777.08, 0.84
 U 2758.1, 0.48
 U 2730.3, 0.6
 U 2720.4, 0.3
 U 2649.7, 0.54
 U 2555.2, 0.36
 U 2543.28, 0.72
 U 2519, 0.48
 U 2509.4, 0.66
 - 2370.2, 0.78
 - 2221.9, 0.42
