186.718
 - 0, 51.705
 E 0, 21.9746
547.853
 - 186.718, 11.205
 E 186.718, 0.60507
557.979
 - 186.718, 13.5
 E 186.718, 0.6885
 - 0, 20.115
 E 0, 0.354024
756.029
 - 557.979, 1.323
 - 547.853, 0.2025
 - 186.718, 16.605
911.78
 - 557.979, 0.4995
 - 186.718, 1.6335
955.372
 - 756.029, 0.0945
 - 557.979, 2.2815
 - 547.853, 1.512
 - 186.718, 0.8775
1050.5
 - 547.853, 0.189
1114.73
 - 911.78, 0.135
 - 756.029, 0.783
 - 557.979, 0.27
 - 547.853, 0.0405
 - 186.718, 2.268
 - 0, 1.1745
1163.21
 - 955.372, 0.0675
 - 756.029, 1.4175
 - 557.979, 2.538
 - 186.718, 0.1215
1203.85
 - 756.029, 0.4995
 - 547.853, 0.2295
1382.87
 - 186.718, 1.566
 - 0, 0.621
1387.02
 - 1163.21, 0.972
 - 955.372, 0.8505
 - 756.029, 1.4715
 - 557.979, 1.3095
 - 547.853, 0.351
 - 186.718, 0.27
 - 0, 0.162
1435.78
 - 1114.73, 0.513
 - 955.372, 0.081
 - 911.78, 0.27
 - 756.029, 0.4455
 - 557.979, 0.5805
 - 547.853, 0.405
 - 186.718, 0.81
1446.24
 - 1163.21, 0.12555
 - 955.372, 0.1755
 - 756.029, 0.1755
1512.7
 P 0, 1
1528
 P 0, 1
1545.36
 - 557.979, 1.134
 - 186.718, 0.702
1558.2
 P 0, 1
1568.96
 - 1387.02, 0.6345
 - 756.029, 0.10125
 - 557.979, 0.4995
 - 547.853, 0.1755
1570.3
 - 186.718, 0.621
1584.3
 - 1387.02, 0.2565
 - 1203.85, 0.135
 - 1163.21, 0.0918
 - 547.853, 0.2025
1616
 - 756.029, 0.1215
 - 557.979, 0.3915
 - 547.853, 0.27
 - 186.718, 0.756
 - 0, 0.9315
1675.74
 - 756.029, 0.3915
 - 557.979, 0.9315
 - 186.718, 0.756
1680.6
 - 0, 1.566
1681.6
 - 1163.21, 0.3375
1689
 - 1114.73, 0.1107
 - 756.029, 0.1755
 - 557.979, 0.2565
 - 547.853, 0.1485
 - 186.718, 0.2835
1708.3
 - 955.372, 0.0648
 - 756.029, 0.162
1732.91
 - 557.979, 0.9045
 - 186.718, 1.215
1813.1
 - 557.979, 0.918
 - 186.718, 0.2295
1823.79
 - 756.029, 0.27
 - 557.979, 1.0395
 - 186.718, 0.162
1859.15
 - 955.372, 0.135
 - 756.029, 0.675
 - 557.979, 0.81
 - 547.853, 0.729
 - 186.718, 1.35
1872.9
 - 1584.3, 0.0378
1885.1
 - 557.979, 0.135
1901.9
 - 186.718, 0.9315
1903.5
 - 1163.21, 0.2025
1910.48
 - 955.372, 0.189
 - 756.029, 0.6885
 - 557.979, 0.54
1918.4
 - 186.718, 0.5265
1942.24
 - 557.979, 0.621
 - 547.853, 0.243
 - 0, 0.297
1957.2
 - 186.718, 0.6075
1970.7
 - 756.029, 0.2295
 - 557.979, 0.297
1992.3
 - 756.029, 0.3105
1994.93
 - 557.979, 1.053
 - 186.718, 0.2025
2025.5
 - 186.718, 0.405
2042.5
 P 0, 1
2070.19
 - 557.979, 0.729
 - 186.718, 0.81
2111.7
 - 186.718, 0.243
2118.4
 - 186.718, 0.486
2125
 - 557.979, 0.3915
2135.9
 - 186.718, 0.243
2198.5
 - 557.979, 0.2025
2210.1
 - 186.718, 0.6885
2223.7
 P 0, 1
2262.7
 - 0, 0.756
2306.1
 P 0, 1
2314
 P 0, 1
2330.4
 P 0, 1
2379.4
 - 186.718, 0.783
2399.8
 P 0, 1
2414.4
 P 0, 1
2429.1
 P 0, 1
2467.5
 P 0, 1
2609.5
 P 0, 1
2692.2
 P 0, 1
2715.4
 P 0, 1
2789.1
 P 0, 1
2833.3
 P 0, 1
2996.5
 P 0, 1
3024
 P 0, 1
3034.2
 P 0, 1
3061.6
 P 0, 1
3076.6
 P 0, 1
3123.9
 P 0, 1
3171.2
 P 0, 1
3261.4
 P 0, 1
3295.6
 P 0, 1
3365.5
 P 0, 1
3533.1
 P 0, 1
3591.5
 P 0, 1
3676.5
 P 0, 1
3801
 P 0, 1
3990.5
 P 0, 1
4115
 P 0, 1
4620.3
 P 0, 1
4717.8
 P 0, 1
4767.5
 P 0, 1
4795
 P 0, 1
4816.6
 P 0, 1
4855.3
 P 0, 1
4909.2
 P 0, 1
4922.6
 P 0, 1
4959.5
 P 0, 1
5054.1
 P 0, 1
5145.8
 P 0, 1
5174.7
 P 0, 1
5190
 P 0, 1
5245.8
 P 0, 1
5287
 P 0, 1
5315.9
 P 0, 1
5348.8
 P 0, 1
5374.8
 P 0, 1
5386.7
 P 0, 1
5421.4
 P 0, 1
5503.9
 P 0, 1
5537.4
 P 0, 1
5550.3
 P 0, 1
5580.3
 P 0, 1
5633.3
 P 0, 1
5648.6
 P 0, 1
5681.1
 P 0, 1
5717.2
 P 0, 1
5740.3
 P 0, 1
5786.9
 P 0, 1
5820.3
 P 0, 1
5833.6
 P 0, 1
5853.3
 P 0, 1
5873.9
 P 0, 1
5893.4
 P 0, 1
5904.2
 P 0, 1
5932.3
 P 0, 1
5956.1
 P 0, 1
5970.1
 P 0, 1
5995.1
 P 0, 1
6073.4
 P 0, 1
6191.3
 P 0, 1
6220.7
 P 0, 1
6263.5
 P 0, 1
6278.8
 P 0, 1
6299
 P 0, 1
6309.8
 P 0, 1
6329.5
 P 0, 1
6339.5
 P 0, 1
6414.5
 P 0, 1
6449.8
 P 0, 1
6482.6
 P 0, 1
6507
 P 0, 1
6563.8
 P 0, 1
6628.4
 P 0, 1
6654.8
 P 0, 1
6666.5
 P 0, 1
6707
 P 0, 1
6773.6
 P 0, 1
6791.2
 P 0, 1
7792.2
 U 2467.5, 0.108
 - 2379.4, 0.324
 U 2314, 0.162
 U 2306.1, 0.162
 - 2262.7, 1.0665
 U 2223.7, 0.1215
 - 2210.1, 0.243
 - 2198.5, 0.243
 - 2111.7, 1.053
 - 2070.19, 0.6885
 U 2042.5, 0.6075
 - 1994.93, 0.4455
 - 1970.7, 0.108
 - 1942.24, 0.243
 - 1918.4, 0.702
 - 1910.48, 0.8235
 - 1859.15, 3.186
 - 1823.79, 0.2565
 - 1732.91, 0.513
 - 1680.6, 0.4455
 - 1568.96, 0.216
 - 1545.36, 1.0395
 - 1435.78, 0.5805
 - 1382.87, 0.8775
 - 1114.73, 0.162
 - 756.029, 0.297
 - 557.979, 1.647
 - 186.718, 0.4725
 - 0, 1.2825
 U 6791.2, 0.06885
 U 6773.6, 0.1755
 U 6707, 0.1755
 U 6707, 0.1215
 U 6666.5, 0.081
 U 6628.4, 0.162
 U 6563.8, 0.081
 U 6507, 0.1755
 U 6482.6, 0.216
 U 6449.8, 0.243
 U 6449.8, 0.54
 U 6414.5, 0.5535
 U 6339.5, 0.2025
 U 6329.5, 0.2835
 U 6309.8, 0.2025
 U 6299, 0.3105
 U 6220.7, 0.324
 U 6191.3, 0.324
 U 5995.1, 0.216
 U 5970.1, 0.243
 U 5956.1, 0.2835
 U 5932.3, 0.27
 U 5893.4, 0.2295
 U 5873.9, 0.27
 U 5853.3, 0.2565
 U 5833.6, 0.405
 U 5820.3, 0.216
 U 5786.9, 0.3375
 U 5786.9, 0.4725
 U 5740.3, 0.351
 U 5717.2, 0.837
 U 5681.1, 0.756
 U 5648.6, 0.6345
 U 5580.3, 0.675
 U 5550.3, 0.459
 U 5537.4, 0.243
 U 5503.9, 0.513
 U 5503.9, 0.3375
 U 5421.4, 0.4455
 U 5421.4, 0.3375
 U 5386.7, 0.3645
 U 5374.8, 0.297
 U 5348.8, 0.459
 U 5315.9, 0.513
