102.3
 P 0, 1
128.06
 - 0, 16.8
222.45
 - 0, 24.7
260.7
 U 102.3, 26.8
406.5
 - 128.06, 3.7
 - 0, 21
468.72
 - 222.45, 1.1
 - 128.06, 4.4
504.6
 - 222.45, 1.4
 - 128.06, 5.5
539.4
 - 0, 24.6
626.6
 - 0, 7.4
642
 U 102.3, 24.6
746.4
 U 102.3, 10.1
797
 - 128.06, 8.3
843
 - 222.45, 3.5
 U 102.3, 5.3
879.7
 - 128.06, 11.4
965.3
 - 128.06, 3.5
 - 0, 4.8
1061.2
 - 879.7, 4.6
 U 642, 8.7
1116.3
 U 102.3, 4.5
1178.7
 - 843, 2.1
 - 797, 2.2
1209.4
 P 0, 1
1353.4
 P 0, 1
1418.4
 P 0, 1
1506.4
 P 0, 1
1540.4
 P 0, 1
6624.5
 U 1540.4, 12
 U 1506.4, 8
 U 1418.4, 6
 U 1353.4, 7
 U 1209.4, 5
 - 1178.7, 7
 U 1116.3, 8
 - 1061.2, 10
 - 965.3, 5
 - 879.7, 10
 - 843, 5
 - 797, 3
 U 642, 7
 - 468.72, 48
 - 406.5, 4
 - 128.06, 9
