155
 - 0, 65
477.9
 - 155, 5.9
632.9
 - 155, 15.3
 - 0, 17.5
790.3
 - 477.9, 0.33
 - 155, 11.7
965.3
 - 790.3, 0.24
 - 632.9, 0.4
 - 477.9, 1.3
 - 155, 0.99
1086.2
 - 632.9, 0.28
 - 155, 2.5
 - 0, 0.00018
1109.99
 P 0, 1
1180.7
 - 790.3, 0.15
 - 477.9, 0.16
1233.59
 P 0, 1
1278
 - 790.3, 0.36
 - 632.9, 0.54
1304.8
 - 1086.2, 0.05
 - 790.3, 0.81
 - 477.9, 0.81
 - 155, 2.6
 - 0, 0.51
1413.9
 - 965.3, 0.48
 - 790.3, 1.53
 - 632.9, 0.24
1457.4
 - 790.3, 0.09
 - 632.9, 1.26
 - 477.9, 0.05
 - 155, 0.25
 - 0, 1.53
1462.8
 - 790.3, 0.87
 - 632.9, 3.2
1477.6
 - 632.9, 0.53
 - 155, 1.3
 - 0, 0.00033
1567
 - 790.3, 0.31
1620.4
 - 632.9, 0.92
 - 477.9, 0.4
 - 155, 1.07
 - 0, 0.18
1685.3
 - 965.3, 0.12
 - 790.3, 0.32
 - 155, 0.39
1704.1
 - 1086.2, 0.00023
 - 632.9, 0.39
 - 155, 0.52
 - 0, 0.0191
1729.5
 - 1457.4, 0.04
 - 965.3, 0.03
 - 790.3, 0.25
 - 632.9, 0.6
 - 155, 0.79
1746.79
 P 0, 1
1765.3
 - 632.9, 0.43
 - 155, 0.51
 - 0, 0.00059
1807.6
 - 790.3, 0.65
 - 632.9, 1.12
 - 155, 0.24
 - 0, 0.05
1824.6
 - 1477.6, 0.0015
 - 632.9, 0.95
 - 155, 0.29
 - 0, 0.00062
1842.8
 - 1457.4, 0.06
 - 1304.8, 0.04
 - 632.9, 1.76
 - 155, 0.25
1878.29
 P 0, 1
1940.9
 - 790.3, 0.24
 - 632.9, 0.73
 - 155, 0.14
1957.3
 - 1304.8, 0.05
 - 155, 1.37
 - 0, 1.26
1965
 - 965.3, 0.15
 - 632.9, 1.51
 - 155, 0.36
1966.3
 - 0, 0.024
2022.8
 - 0, 1.06
2068.8
 - 1620.4, 0.1
 - 632.9, 1.6
 - 0, 0.23
2085.8
 - 632.9, 0.5
 - 155, 0.13
2098.8
 - 1457.4, 0.1
 - 790.3, 0.1
 - 155, 0.34
 - 0, 0.61
2123.2
 - 1477.6, 0.54
2166.4
 - 477.9, 0.25
 - 155, 0.46
2204.5
 - 155, 0.6
2214.9
 - 155, 0.24
 - 0, 0.92
2255.7
 - 632.9, 0.18
 - 0, 0.6
2286.4
 - 1704.1, 0.045
 - 1685.3, 0.12
 - 155, 1.17
 - 0, 1.26
2298.59
 P 0, 1
2347.8
 - 1765.3, 0.045
 - 155, 0.4
 - 0, 1.07
2348
 - 632.9, 0.57
 - 155, 0.2
2366.1
 - 1620.4, 0.17
 - 0, 0.44
2416.1
 - 477.9, 0.27
 - 155, 2.07
2461.2
 - 155, 0.63
 - 0, 0.5
2491.6
 - 155, 0.46
2505.3
 - 1704.1, 0.09
 - 0, 1.23
2519.6
 - 632.9, 0.29
 - 477.9, 0.51
 - 155, 0.44
2549.5
 - 2166.4, 0.07
 - 155, 0.44
2598.49
 P 0, 1
2623.3
 - 477.9, 0.13
 - 0, 0.81
2626.5
 - 155, 0.23
2642.59
 P 0, 1
2658.6
 - 0, 0.27
2680.49
 P 0, 1
2704
 - 1462.8, 0.2
 - 0, 0.17
2739.9
 - 632.9, 0.34
 - 155, 0.14
 - 0, 0.87
2765.7
 - 1965, 0.09
 - 632.9, 0.69
2817.8
 - 965.3, 0.17
 - 0, 0.44
2866.1
 - 1824.6, 0.26
 - 1462.8, 0.34
 - 1304.8, 0.21
2878.8
 - 632.9, 0.26
 - 0, 0.26
2892.7
 - 155, 0.23
 - 0, 0.32
2919.09
 P 0, 1
2929.19
 P 0, 1
2939.79
 P 0, 1
3002.8
 - 1567, 0.4
3030.5
 - 477.9, 0.1
3054.59
 P 0, 1
3070.4
 - 155, 0.16
 - 0, 0.77
3110
 - 0, 0.8
3140
 - 155, 0.5
3167.2
 - 0, 0.41
3176.8
 - 632.9, 0.46
 - 155, 0.76
 - 0, 0.66
3238.8
 - 632.9, 0.74
 - 155, 0.12
3252.69
 P 0, 1
3274.5
 - 155, 0.59
 - 0, 0.37
3321.39
 P 0, 1
3332.09
 P 0, 1
3398.59
 P 0, 1
3416.79
 P 0, 1
3626.59
 P 0, 1
3647.79
 P 0, 1
3686.59
 P 0, 1
3714.49
 P 0, 1
3732
 - 155, 0.21
3814.09
 P 0, 1
3860.19
 P 0, 1
3873.69
 P 0, 1
3894.19
 P 0, 1
3931.59
 P 0, 1
3964.59
 P 0, 1
4024.59
 P 0, 1
4121.19
 P 0, 1
4150.19
 P 0, 1
4160.99
 P 0, 1
4242.69
 P 0, 1
4263.29
 P 0, 1
4421.59
 P 0, 1
4507.5
 - 0, 0.35
4521.59
 P 0, 1
4533.39
 P 0, 1
4590.49
 P 0, 1
4603.09
 P 0, 1
4628.79
 P 0, 1
4647.99
 P 0, 1
4670.79
 P 0, 1
4708.69
 P 0, 1
4751.99
 P 0, 1
4779.59
 P 0, 1
4835.59
 P 0, 1
4934.59
 P 0, 1
4996.49
 P 0, 1
5047.19
 P 0, 1
5087.59
 P 0, 1
5135.29
 P 0, 1
5160.59
 P 0, 1
5224.79
 P 0, 1
5276.99
 P 0, 1
5308.09
 P 0, 1
5321.79
 P 0, 1
5378.29
 P 0, 1
5461.79
 P 0, 1
5501.99
 P 0, 1
5547.49
 P 0, 1
5582.19
 P 0, 1
5662.49
 P 0, 1
5824.39
 P 0, 1
5834.39
 P 0, 1
5844.69
 P 0, 1
5892.89
 P 0, 1
5905.09
 P 0, 1
5956.59
 P 0, 1
6017.89
 P 0, 1
6058.69
 P 0, 1
6085.29
 P 0, 1
6108.99
 P 0, 1
6124.39
 P 0, 1
6194.49
 P 0, 1
6387.89
 P 0, 1
6483.29
 P 0, 1
6506.49
 P 0, 1
6528.79
 P 0, 1
6603.99
 P 0, 1
6639.69
 P 0, 1
6652.39
 P 0, 1
6675.69
 P 0, 1
6702.99
 P 0, 1
6750.19
 P 0, 1
6760.89
 P 0, 1
6824.99
 P 0, 1
6842.19
 P 0, 1
6915.39
 P 0, 1
6939.09
 P 0, 1
6952.99
 P 0, 1
7989.59
 - 3274.5, 0.69
 - 3238.8, 0.73
 - 3176.8, 2.75
 - 3167.2, 0.81
 - 3140, 0.49
 - 3110, 0.38
 - 3070.4, 1.09
 - 3030.5, 0.91
 - 3002.8, 0.5
 - 2892.7, 1.2
 - 2878.8, 0.92
 - 2866.1, 0.42
 - 2817.8, 0.65
 - 2765.7, 0.63
 - 2739.9, 0.63
 - 2704, 0.47
 - 2658.6, 0.46
 - 2626.5, 0.29
 - 2623.3, 0.6
 - 2519.6, 0.28
 - 2505.3, 0.89
 - 2491.6, 0.21
 - 2461.2, 0.37
 - 2416.1, 2.2
 - 2366.1, 0.53
 - 2348, 0.71
 - 2286.4, 1.67
 - 2255.7, 0.26
 - 2214.9, 0.51
 - 2166.4, 0.21
 - 2123.2, 0.31
 - 2098.8, 0.26
 - 2068.8, 1.49
 - 2022.8, 0.35
 - 1966.3, 0.23
 - 1957.3, 0.37
 - 1842.8, 0.46
 - 1824.6, 0.09
 - 1807.6, 0.51
 - 1765.3, 0.21
 - 1729.5, 0.15
 - 1704.1, 0.09
 - 1620.4, 0.28
 - 1477.6, 0.41
 - 1457.4, 0.41
 - 1304.8, 0.1
 - 1278, 0.19
 - 1086.2, 0.17
 - 632.9, 0.59
 - 155, 1.09
 - 0, 0.61
 U 6952.99, 0.08
 U 6939.09, 0.1
 U 6939.09, 0.05
 U 6915.39, 0.13
 U 6842.19, 0.31
 U 6824.99, 0.09
 U 6760.89, 0.11
 U 6750.19, 0.25
 U 6702.99, 0.16
 U 6675.69, 0.13
 U 6652.39, 0.43
 U 6639.69, 0.24
 U 6603.99, 0.12
 U 6528.79, 0.32
 U 6528.79, 0.41
 U 6506.49, 0.17
 U 6483.29, 0.08
 U 6387.89, 0.22
 U 6194.49, 0.2
 U 6124.39, 0.76
 U 6108.99, 0.41
 U 6085.29, 0.28
 U 6058.69, 0.24
 U 6017.89, 0.31
 U 5956.59, 0.31
 U 5956.59, 0.41
 U 5905.09, 0.14
 U 5892.89, 0.44
 U 5844.69, 0.52
 U 5834.39, 0.39
 U 5824.39, 0.14
 U 5824.39, 0.13
 U 5662.49, 0.11
 U 5582.19, 0.32
 U 5547.49, 0.14
 U 5501.99, 0.66
 U 5461.79, 0.17
 U 5378.29, 0.2
 U 5321.79, 0.4
 U 5308.09, 0.37
 U 5308.09, 0.37
 U 5276.99, 0.15
 U 5224.79, 0.32
 U 5160.59, 0.08
 U 5160.59, 0.07
 U 5135.29, 0.21
 U 5087.59, 0.26
 U 5047.19, 0.21
 U 4996.49, 0.28
 U 4934.59, 0.37
 U 4934.59, 0.311
 U 4835.59, 0.9
 U 4835.59, 0.14
 U 4779.59, 0.91
 U 4751.99, 0.35
 U 4708.69, 0.29
 U 4670.79, 0.28
 U 4647.99, 0.17
 U 4628.79, 0.14
 U 4628.79, 0.09
 U 4603.09, 0.5
 U 4590.49, 0.25
 U 4590.49, 0.24
 U 4533.39, 0.06
 U 4521.59, 0.7
 - 4507.5, 0.16
 U 4421.59, 0.52
 U 4263.29, 0.19
 U 4242.69, 0.52
 U 4160.99, 0.12
 U 4150.19, 0.18
 U 4121.19, 0.36
 U 4024.59, 0.41
 U 3964.59, 0.54
 U 3931.59, 0.25
 U 3894.19, 0.31
 U 3873.69, 0.24
 U 3860.19, 0.31
 U 3814.09, 0.52
 U 3714.49, 0.3
 U 3686.59, 0.52
 U 3647.79, 0.52
 U 3626.59, 0.3
 U 3416.79, 0.2
 U 3398.59, 0.59
 U 3332.09, 0.54
 U 3332.09, 0.59
 U 3321.39, 0.38
 U 3321.39, 0.36
 U 3252.69, 0.25
 U 3054.59, 0.29
 - 3002.8, 0.27
 U 2939.79, 0.5
 U 2929.19, 0.2
 U 2919.09, 0.28
 - 2765.7, 0.24
 - 2704, 0.47
 U 2680.49, 0.08
 U 2642.59, 0.19
 U 2598.49, 0.09
 - 2461.2, 0.08
 U 2298.59, 0.25
 - 2022.8, 0.09
 U 1878.29, 0.26
 U 1746.79, 0.2
 - 1413.9, 0.05
 U 1233.59, 0.19
 U 1109.99, 0.06
