41.4842
 - 0, 49
102.733
 - 0, 32.1
233.856
 - 102.733, 46
 - 41.4842, 0.5
 - 0, 0.8
295.681
 - 102.733, 2.2
 - 41.4842, 20.8
 - 0, 13.2
307.084
 - 102.733, 84.1
 - 41.4842, 100
 - 0, 18.9
399.018
 - 307.084, 4.5
 - 233.856, 1.5
 - 41.4842, 1.2
 - 0, 19.7
434.961
 - 307.084, 4.2
 - 233.856, 20.5
 - 41.4842, 20.3
 - 0, 8.9
455.773
 - 307.084, 4.8
 - 295.681, 1.7
 - 233.856, 0.8
 - 102.733, 2
 - 41.4842, 4.6
 - 0, 11.9
544.552
 - 399.018, 2
 - 307.084, 7.2
 - 295.681, 2.3
 - 102.733, 2.4
 - 0, 8.6
709.199
 - 295.681, 1.3
 - 102.733, 2.7
 - 0, 12.3
888.625
 - 102.733, 9.5
 - 0, 4
889.462
 - 307.084, 3.4
 - 233.856, 3.1
 - 102.733, 13.4
 - 0, 15.7
1053.86
 - 888.625, 1.5
 - 434.961, 4.8
 - 307.084, 4.7
 - 102.733, 54
1085.38
 - 102.733, 16.8
1170.86
 - 889.462, 23.3
 - 41.4842, 9.8
1178.65
 - 455.773, 2.1
 - 434.961, 2.1
1216.93
 - 889.462, 6.3
 - 233.856, 16.8
1281.48
 - 889.462, 2.4
 - 455.773, 7
1288.47
 - 1178.65, 1.4
 - 1085.38, 1.3
 - 889.462, 19.7
 - 455.773, 5
1459.51
 - 1216.93, 28.1
 - 1053.86, 1.3
1501.8
 P 0, 1
1785.2
 P 0, 1
1830.6
 P 0, 1
1848.6
 P 0, 1
2077.3
 P 0, 1
2090.3
 P 0, 1
2131.6
 P 0, 1
2190.3
 P 0, 1
2220.4
 P 0, 1
2243
 P 0, 1
4383.23
 P 0, 1
5583.93
 U 2243, 24
 U 2220.4, 10.1
 U 2190.3, 11.4
 U 2131.6, 7.4
 U 2090.3, 5.7
 U 2077.3, 12.1
 U 1848.6, 5.4
 U 1830.6, 3.7
 U 1785.2, 8.1
 U 1501.8, 5.7
 - 1288.47, 13.5
 - 1281.48, 7.1
 - 1216.93, 18.2
 - 1178.65, 20
 - 1170.86, 23
 - 1053.86, 78
 - 888.625, 25
 - 307.084, 116
 - 233.856, 3.7
 - 102.733, 5.1
 - 41.4842, 6.1
 - 0, 79
 U 4383.23, 34
