138.939
 - 0, 19.1
180.077
 - 0, 1.02
357.767
 - 138.939, 20
 - 0, 23
361.863
 - 180.077, 5.6
 - 0, 7.1
460.54
 - 180.077, 2.35
 - 138.939, 2.22
 - 0, 6.7
516.421
 - 361.863, 2.7
 - 180.077, 10.9
 - 138.939, 11
 - 0, 1.01
521.924
 - 357.767, 2.53
 - 138.939, 26
557.447
 - 138.939, 0.17
 - 0, 1.96
559.303
 - 357.767, 0.06
 - 180.077, 0.22
 - 138.939, 2.34
 - 0, 6.4
620.988
 - 357.767, 1.4
 - 138.939, 10.3
 - 0, 7.7
695.137
 - 559.303, 0.12
 - 460.54, 2.26
 - 361.863, 0.25
 - 357.767, 4.1
 - 180.077, 1.28
 - 138.939, 0.25
712.176
 - 557.447, 0.09
 - 460.54, 0.59
 - 361.863, 0.41
 - 180.077, 0.24
 - 138.939, 0.1
740.387
 - 361.863, 0.1
 - 180.077, 1.53
 - 138.939, 0.82
806.901
 - 361.863, 0.23
 - 357.767, 2.17
 - 180.077, 0.33
 - 138.939, 4.1
838.923
 - 559.303, 0.25
 - 516.421, 3.61
 - 361.863, 10.8
849.088
 - 460.54, 1.9
 - 361.863, 1.21
857.025
 - 521.924, 3.1
 - 357.767, 10
874.28
 - 460.54, 1.82
 - 357.767, 1.01
892.268
 - 620.988, 0.73
 - 357.767, 1.57
918.368
 - 740.387, 3.8
972.874
 - 740.387, 0.2
 - 620.988, 0.83
 - 361.863, 1.37
 - 357.767, 1.29
1009.36
 - 516.421, 7.2
1019.6
 - 516.421, 9.8
1035.46
 - 857.025, 0.59
 - 521.924, 11.7
1035.86
 - 357.767, 5.9
1038.06
 - 521.924, 0.88
 - 361.863, 2.9
 - 357.767, 2
1145.62
 - 918.368, 1.31
1169.17
 - 892.268, 0.55
 - 857.025, 0.37
 - 620.988, 2.86
 - 521.924, 3.8
1459.96
 - 1019.6, 0.52
 - 857.025, 3.3
1511.72
 - 972.874, 1.72
 - 874.28, 5.1
 - 849.088, 5.1
