52.99
 P 0, 1
71.59
 - 0, 82.28
98.58
 - 0, 28.05
130.98
 - 0, 10.285
269.1
 - 130.98, 17.765
 U 52.99, 10.285
 - 0, 55.165
299.33
 - 71.59, 3.74
 U 52.99, 8.3215
 - 0, 17.765
425.7
 P 0, 1
456.85
 - 299.33, 2.244
 U 52.99, 1.5895
 - 0, 16.83
502.43
 - 269.1, 3.4595
 - 130.98, 2.431
 - 71.59, 18.7
 - 0, 28.985
595.31
 - 71.59, 10.285
 U 52.99, 10.285
 - 0, 5.5165
708.37
 - 269.1, 6.358
 - 71.59, 5.797
 - 0, 33.66
747.81
 - 98.58, 93.5
 - 71.59, 2.8985
 U 52.99, 3.6465
978
 P 0, 1
5846.29
 U 978, 16.83
 - 747.81, 93.5
 - 708.37, 15.895
 - 502.43, 3.6465
 U 425.7, 5.797
 - 269.1, 9.35
 - 130.98, 7.667
 - 98.58, 2.5245
 - 0, 100.045
