266.1
 - 0, 8
305
 - 0, 9
635.3
 - 305, 4.6
 - 266.1, 2.8
649.4
 - 0, 3.7
802.1
 - 266.1, 0.8
998.4
 - 266.1, 3.3
1080.4
 - 802.1, 0.8
1117.3
 - 266.1, 2.6
1206
 P 0, 1
1335
 P 0, 1
1360.3
 - 649.4, 0.7
 - 305, 1.1
1400
 P 0, 1
1453
 P 0, 1
1489.7
 - 649.4, 2.5
1631
 P 0, 1
1844
 P 0, 1
1988
 P 0, 1
2492
 P 0, 1
2591
 P 0, 1
2806
 P 0, 1
2970
 P 0, 1
3043
 P 0, 1
3133
 P 0, 1
3283
 P 0, 1
3298
 P 0, 1
4126
 P 0, 1
5322.4
 P 0, 1
6504
 U 1988, 0.2
 U 1844, 0.3
 U 1631, 0.2
 - 1489.7, 3
 U 1453, 0.2
 U 1400, 0.2
 - 1360.3, 1.4
 U 1335, 0.2
 U 1206, 0.3
 - 1117.3, 0.2
 - 1080.4, 0.8
 - 998.4, 2.5
 - 649.4, 1.6
 - 635.3, 1.8
 - 305, 2.8
 - 266.1, 1
 - 0, 0.4
 U 5322.4, 1.3
 U 4126, 0.7
 U 3298, 0.1
 U 3283, 0.4
 U 3133, 0.1
 U 3043, 0.1
 U 2970, 0.1
 U 2806, 0.1
 U 2591, 0.1
 U 2492, 0.2
