139.97
 - 0, 10.84
145.89
 - 139.97, 0.0095
 E 139.97, 15.105
 - 0, 0.146
 E 0, 0.188194
300.14
 - 145.89, 2.51
 - 0, 0.073
318.85
 - 139.97, 0.135
 - 0, 8.81
347.78
 - 0, 9.8
424.8
 - 347.78, 0.3
 - 139.97, 0.141
 - 0, 3.25
431.88
 - 300.14, 0.17
 - 145.89, 0.157
471.93
 - 318.85, 0.39
 - 300.14, 0.295
 - 139.97, 1.01
 - 0, 3.14
488.11
 - 300.14, 0.049
 - 139.97, 9.8
 - 0, 2.6
535.6
 - 145.89, 0.214
 - 139.97, 2.34
626.31
 - 347.78, 0.049
 - 300.14, 0.82
 - 0, 1.05
629.39
 - 471.93, 0.165
 - 431.88, 1.11
 - 318.85, 0.66
 - 300.14, 0.341
 - 145.89, 0.22
 - 139.97, 0.21
 - 0, 1.05
677.95
 - 424.8, 0.076
 - 347.78, 0.72
 - 0, 0.98
736.28
 - 139.97, 0.081
737.1
 - 626.31, 0.049
 - 488.11, 0.095
 - 318.85, 0.38
 - 300.14, 0.82
 - 145.89, 0.61
 - 0, 3.19
764.3
 - 471.93, 2.66
 - 347.78, 0.19
 - 139.97, 1.12
 - 0, 0.86
872.52
 - 535.6, 0.217
 - 318.85, 0.147
905.99
 - 737.1, 0.1
 - 535.6, 0.13
 - 318.85, 0.29
1013.22
 - 629.39, 0.92
 - 471.93, 1.3
 - 300.14, 1.61
 - 139.97, 4.55
 - 0, 0.59
1051.18
 - 488.11, 0.96
 - 431.88, 0.087
 - 318.85, 1.73
 - 139.97, 2.21
1121.34
 - 0, 1.63
1134.03
 - 0, 0.362
1204.35
 - 488.11, 0.2
 - 318.85, 1.41
1250.22
 - 431.88, 0.76
 - 318.85, 0.7
 - 300.14, 1.3
 - 139.97, 1.12
 - 0, 0.46
1374.71
 - 139.97, 2.02
1393.21
 P 0, 1
1416.3
 P 0, 1
1474.33
 - 471.93, 0.16
 - 431.88, 0.274
 - 318.85, 1.64
 - 139.97, 0.48
 - 0, 0.92
1482.4
 P 0, 1
1499.6
 P 0, 1
1524.27
 - 0, 0.48
1640.09
 P 0, 1
1673.48
 - 488.11, 0.48
1709.7
 P 0, 1
1741.04
 - 535.6, 2.09
 - 300.14, 0.21
 - 0, 1.49
1787.2
 P 0, 1
1813.3
 P 0, 1
1850.3
 P 0, 1
1902.46
 P 0, 1
1939.4
 P 0, 1
1948.87
 P 0, 1
1967.12
 P 0, 1
2045.4
 P 0, 1
2053.76
 P 0, 1
2084.7
 P 0, 1
2114.09
 P 0, 1
2134.5
 P 0, 1
2158.97
 P 0, 1
2188.5
 P 0, 1
2205.9
 P 0, 1
2214.44
 - 1121.34, 0.96
2252.11
 P 0, 1
2261.9
 P 0, 1
2274.3
 P 0, 1
2311.15
 P 0, 1
2345.71
 P 0, 1
2368.4
 P 0, 1
2395.8
 P 0, 1
2429.25
 P 0, 1
2458.74
 P 0, 1
2493.39
 - 737.1, 0.72
2526.9
 P 0, 1
2539.64
 P 0, 1
2553.3
 P 0, 1
2578
 P 0, 1
2585.7
 P 0, 1
2618.8
 P 0, 1
2637.3
 P 0, 1
2645.6
 P 0, 1
2680.96
 P 0, 1
2697.46
 P 0, 1
2711.86
 P 0, 1
2752.66
 P 0, 1
2775.66
 P 0, 1
2789.16
 P 0, 1
2827.86
 P 0, 1
2868.76
 P 0, 1
2892.66
 P 0, 1
2955.66
 P 0, 1
2983.06
 P 0, 1
3003.36
 P 0, 1
3056.46
 P 0, 1
3078.06
 P 0, 1
3091.06
 P 0, 1
3115.56
 P 0, 1
3186.86
 P 0, 1
3203.76
 P 0, 1
3214.36
 P 0, 1
3226.76
 P 0, 1
3244.56
 P 0, 1
3277.26
 P 0, 1
3298.36
 P 0, 1
3352.66
 P 0, 1
3366.86
 P 0, 1
3398.96
 P 0, 1
3421.56
 P 0, 1
3447.36
 P 0, 1
3471.46
 P 0, 1
3495.36
 P 0, 1
3510.96
 P 0, 1
3525.56
 P 0, 1
3537.26
 P 0, 1
3559.06
 P 0, 1
3586.16
 P 0, 1
3615.66
 P 0, 1
3626.76
 P 0, 1
3643.66
 P 0, 1
3655.96
 P 0, 1
3678.86
 P 0, 1
3695.96
 P 0, 1
3716.16
 P 0, 1
3728.16
 P 0, 1
3748.26
 P 0, 1
3790.86
 P 0, 1
3810.46
 P 0, 1
3847.86
 P 0, 1
3875.36
 P 0, 1
3902.96
 P 0, 1
3940.46
 P 0, 1
3957.46
 P 0, 1
3989.56
 P 0, 1
4021.26
 P 0, 1
4033.26
 P 0, 1
4081.36
 P 0, 1
4096.96
 P 0, 1
4139.16
 P 0, 1
4157.36
 P 0, 1
4196.16
 P 0, 1
4226.16
 P 0, 1
4257.46
 P 0, 1
4308.36
 P 0, 1
4335.26
 P 0, 1
4365.16
 P 0, 1
4525.26
 P 0, 1
4542.46
 P 0, 1
4570.56
 P 0, 1
4591.76
 P 0, 1
4627.26
 P 0, 1
4641.36
 P 0, 1
4683.06
 P 0, 1
4724.86
 P 0, 1
4845.86
 P 0, 1
4948.56
 P 0, 1
4965.16
 P 0, 1
4983.76
 P 0, 1
5025.06
 P 0, 1
5071.52
 P 0, 1
5126.98
 P 0, 1
5154.19
 P 0, 1
5175.99
 P 0, 1
5240.44
 P 0, 1
5267.69
 P 0, 1
5294.14
 P 0, 1
5314.54
 P 0, 1
5361.62
 P 0, 1
5381.52
 P 0, 1
5453.16
 P 0, 1
5490.02
 P 0, 1
5516.16
 P 0, 1
5580.57
 P 0, 1
5591.76
 P 0, 1
5601.76
 P 0, 1
5617.93
 P 0, 1
5627.93
 P 0, 1
6654.76
 U 2645.6, 0.231
 U 2637.3, 0.27
 U 2618.8, 0.077
 U 2585.7, 0.096
 U 2578, 0.212
 U 2553.3, 0.173
 U 2539.64, 0.482
 U 2526.9, 0.058
 - 2493.39, 0.116
 U 2458.74, 1
 U 2429.25, 1.31
 U 2395.8, 0.077
 U 2368.4, 0.154
 U 2345.71, 0.6
 U 2311.15, 1.18
 U 2274.3, 0.154
 U 2261.9, 0.096
 U 2252.11, 0.27
 - 2214.44, 0.212
 U 2205.9, 0.077
 U 2188.5, 0.058
 U 2158.97, 1.29
 U 2134.5, 0.058
 U 2114.09, 0.94
 U 2084.7, 0.6
 U 2053.76, 0.83
 U 2045.4, 0.327
 U 1967.12, 2.93
 U 1948.87, 1.73
 U 1939.4, 0.482
 U 1902.46, 3.83
 U 1850.3, 0.405
 U 1813.3, 1.18
 U 1787.2, 0.193
 - 1741.04, 4.49
 U 1709.7, 0.925
 - 1673.48, 0.58
 U 1640.09, 1.64
 - 1524.27, 1.31
 U 1499.6, 0.173
 U 1482.4, 0.559
 - 1474.33, 3.93
 U 1416.3, 0.52
 U 1393.21, 2.18
 - 1374.71, 5.5
 - 1250.22, 3.58
 - 1204.35, 1.93
 - 1134.03, 0.62
 - 1121.34, 3.43
 - 1051.18, 7.4
 - 1013.22, 8.5
 - 905.99, 0.073
 - 764.3, 0.212
 - 737.1, 2.33
 - 629.39, 0.65
 - 535.6, 0.54
 - 488.11, 4.76
 - 471.93, 2.2
 - 431.88, 1.93
 - 318.85, 0.62
 - 300.14, 0.058
 - 139.97, 3.6
 - 0, 0.27
 U 5627.93, 0.72
 U 5617.93, 0.44
 U 5601.76, 0.61
 U 5591.76, 0.5
 U 5580.57, 0.48
 U 5490.02, 2.96
 U 5381.52, 0.99
 U 5361.62, 0.78
 U 5314.54, 0.35
 U 5294.14, 0.23
 U 5267.69, 0.4
 U 5240.44, 0.5
 U 5175.99, 1.47
 U 5154.19, 0.3
 U 5126.98, 0.59
 U 5071.52, 0.15
 U 5025.06, 0.44
 U 4983.76, 0.48
 U 4983.76, 0.56
 U 4948.56, 0.25
 U 4845.86, 0.17
 U 4641.36, 0.27
 U 4627.26, 0.048
 U 4591.76, 0.048
 U 4570.56, 0.144
 U 4542.46, 0.173
 U 4525.26, 0.106
 U 4365.16, 0.029
 U 4335.26, 0.193
 U 4335.26, 0.029
 U 4308.36, 0.029
 U 4257.46, 0.029
 U 4226.16, 0.039
 U 4196.16, 0.029
 U 4157.36, 0.048
 U 4139.16, 0.029
 U 4096.96, 0.039
 U 4081.36, 0.039
 U 4033.26, 0.039
 U 4021.26, 0.039
 U 4021.26, 0.048
 U 3989.56, 0.019
 U 3957.46, 0.029
 U 3940.46, 0.039
 U 3902.96, 0.015
 U 3875.36, 0.039
 U 3847.86, 0.039
 U 3847.86, 0.019
 U 3810.46, 0.019
 U 3790.86, 0.039
 U 3748.26, 0.058
 U 3728.16, 0.029
 U 3716.16, 0.029
 U 3716.16, 0.048
 U 3695.96, 0.029
 U 3678.86, 0.019
 U 3655.96, 0.029
 U 3643.66, 0.079
 U 3626.76, 0.029
 U 3615.66, 0.048
 U 3586.16, 0.048
 U 3559.06, 0.019
 U 3537.26, 0.077
 U 3525.56, 0.067
 U 3510.96, 0.029
 U 3495.36, 0.013
 U 3471.46, 0.012
 U 3447.36, 0.058
 U 3447.36, 0.048
 U 3421.56, 0.077
 U 3398.96, 0.029
 U 3398.96, 0.039
 U 3366.86, 0.087
 U 3352.66, 0.048
 U 3298.36, 0.013
 U 3277.26, 0.048
 U 3277.26, 0.039
 U 3244.56, 0.039
 U 3244.56, 0.019
 U 3226.76, 0.008
 U 3214.36, 0.019
 U 3203.76, 0.029
 U 3186.86, 0.106
 U 3115.56, 0.048
 U 3091.06, 0.048
 U 3078.06, 0.019
 U 3056.46, 0.039
 U 3003.36, 0.039
 U 3003.36, 0.029
 U 2983.06, 0.029
 U 2955.66, 0.039
 U 2892.66, 0.048
 U 2868.76, 0.019
 U 2868.76, 0.029
 U 2827.86, 0.029
 U 2789.16, 0.048
 U 2775.66, 0.015
 U 2752.66, 0.039
 U 2752.66, 0.077
 U 2711.86, 0.289
 U 2697.46, 0.058
 U 2680.96, 0.096
