1.736
 P 0, 1
25.768
 P 0, 1
64.077
 - 0, 0.5
90.0342
 U 25.768, 11.9
 V 25.768, 4.3316
 - 0, 36
 E 0, 5.328
101.894
 - 0, 10.9
 E 0, 1.1663
120.71
 - 0, 3.5
153.276
 U 1.736, 0.9
 - 0, 1.3
161.05
 U 25.768, 2.6
 - 0, 1.9
176.973
 - 64.077, 0.8
 U 25.768, 1
 U 1.736, 1.6
284.28
 - 176.973, 2.4
 - 120.71, 8.2
 - 101.894, 1.3
 - 90.0342, 1.1
 - 0, 1.3
296.576
 - 161.05, 4.6
 - 120.71, 6.5
 - 90.0342, 1.8
384.357
 - 120.71, 0.9
 - 0, 11.6
438.795
 - 90.0342, 1.4
 U 25.768, 4
 U 1.736, 1.8
 - 0, 2.4
471.569
 - 284.28, 0.9
 - 176.973, 0.8
 - 101.894, 6.3
 - 90.0342, 4.4
475.035
 - 153.276, 1.3
 - 101.894, 0.6
 - 64.077, 0.8
 U 25.768, 2.5
 U 1.736, 2.5
 - 0, 3.8
523.848
 - 90.0342, 7.4
598.51
 - 438.795, 0.7
 - 64.077, 1.2
 U 25.768, 0.9
 U 1.736, 0.7
 - 0, 0.7
675.84
 - 90.0342, 2.8
731.65
 - 523.848, 0.7
 - 384.357, 2.3
 - 296.576, 0.8
 - 101.894, 2.8
 - 90.0342, 1.2
738.11
 - 438.795, 0.5
 - 90.0342, 0.3
 U 25.768, 0.7
4561.4
 - 675.84, 2.5
 - 384.357, 1.6
 - 284.28, 2.9
 - 161.05, 0.9
 - 90.0342, 4.5
