6.04
 P 0, 1
6.06
 P 0, 1
16.86
 P 0, 1
50.38
 U 6.04, 0.07
 V 6.04, 4.83
54.546
 U 6.04, 0.067
 V 6.04, 2.2177
 - 0, 0.085
 E 0, 17.544
93.62
 - 54.546, 0.033
 E 54.546, 3.63
 U 16.86, 0.046
 V 16.86, 1.84
107.34
 U 50.38, 0.057
 V 50.38, 1.1856
262.24
 U 50.38, 0.3
 V 50.38, 0.7035
 U 6.06, 1.77
 V 6.06, 2.4426
279.4
 U 107.34, 0.07
 U 50.38, 0.31
 V 50.38, 0.5859
309.5
 P 0, 1
335.928
 - 54.546, 0.31
 E 54.546, 0.3286
 U 16.86, 1.43
 V 16.86, 1.07679
 U 6.04, 0.4
 V 6.04, 0.2748
 - 0, 1.54
 E 0, 1.00716
337.35
 U 50.38, 0.05
 U 6.04, 0.54
 V 6.04, 0.36666
367
 P 0, 1
371.17
 - 93.62, 0.27
 E 93.62, 0.297
 - 54.546, 0.76
 E 54.546, 0.58444
 U 50.38, 0.1
 V 50.38, 0.0742
 U 16.86, 0.72
 V 16.86, 0.40752
 U 6.06, 0.09
 V 6.06, 0.0234
388.3
 P 0, 1
405.8
 P 0, 1
413.8
 P 0, 1
421.15
 U 107.34, 0.18
 V 107.34, 0.14184
 - 93.62, 0.19
 E 93.62, 0.1007
 - 54.546, 0.1
 E 54.546, 0.0516
424.3
 P 0, 1
478.36
 U 6.06, 2.9
 V 6.06, 0.754
539.61
 U 16.86, 1.81
 V 16.86, 0.020996
 - 0, 1.16
 E 0, 0.012644
572.7
 - 335.928, 0.12
 E 335.928, 0.007692
 U 6.06, 3.8
 V 6.06, 0.12274
583.932
 U 6.04, 1.8
 V 6.04, 0.05562
 - 0, 1.02
 E 0, 0.14994
586.135
 - 54.546, 0.76
 E 54.546, 0.008512
 U 16.86, 0.19
 - 0, 0.78
 E 0, 0.0072384
599.29
 U 16.86, 0.16
 U 6.06, 0.77
 V 6.06, 0.022484
611.476
 - 54.546, 0.76
 E 54.546, 0.12692
 U 50.38, 0.63
 U 6.04, 0.99
628.97
 U 107.34, 0.15
 V 107.34, 0.005865
 - 93.62, 0.14
 E 93.62, 0.005152
 - 54.546, 0.13
 E 54.546, 0.02002
 U 50.38, 0.41
 V 50.38, 0.012669
 U 16.86, 0.38
 V 16.86, 0.0494
 U 6.04, 0.2
 V 6.04, 0.00524
681.846
 - 0, 1.62
 E 0, 0.011178
682.11
 U 16.86, 1.42
 V 16.86, 0.010366
 U 6.06, 0.07
695.6
 P 0, 1
711.19
 U 50.38, 0.1
 U 16.86, 0.1
 U 6.04, 0.52
 - 0, 0.09
713.72
 U 16.86, 0.32
 - 0, 0.44
 E 0, 0.462
721.84
 - 539.61, 0.09
 E 539.61, 0.01071
 - 93.62, 0.21
 E 93.62, 0.005418
 U 16.86, 0.45
 - 0, 0.17
 E 0, 0.00969
741.32
 - 539.61, 0.12
 E 539.61, 0.276
 U 478.36, 0.14
 V 478.36, 0.1512
 - 371.17, 0.08
 U 6.04, 0.26
 - 0, 0.26
749.9
 P 0, 1
753.98
 U 50.38, 0.12
 V 50.38, 0.0396
 U 6.06, 0.07
768.18
 - 335.928, 0.09
 E 335.928, 0.0234
 U 16.86, 0.13
769.6
 - 54.546, 0.36
 E 54.546, 0.2088
 U 16.86, 0.17
 V 16.86, 0.012818
 - 0, 0.12
783.64
 - 371.17, 0.02
 U 6.04, 0.08
803.41
 U 262.24, 0.08
 U 16.86, 0.11
 V 16.86, 0.007392
 U 6.06, 0.44
 V 6.06, 0.028468
814.74
 U 16.86, 0.31
 V 16.86, 0.020832
 U 6.04, 0.45
 - 0, 0.49
839.66
 U 6.04, 0.65
 - 0, 0.11
842.26
 - 611.476, 0.14
 E 611.476, 0.154
 - 583.932, 0.16
 E 583.932, 0.216
 - 371.17, 0.12
 - 335.928, 0.14
 U 262.24, 0.22
 V 262.24, 0.006754
 U 16.86, 0.16
 - 0, 0.09
852.28
 U 262.24, 0.09
861.54
 U 16.86, 0.15
 - 0, 0.24
884.94
 - 335.928, 0.13
 - 54.546, 0.38
903.6
 P 0, 1
919.1
 P 0, 1
924.58
 - 539.61, 0.07
 E 539.61, 0.0189
 - 371.17, 0.14
 - 335.928, 0.2
 U 262.24, 0.14
 U 16.86, 0.2
 U 6.04, 0.28
947.2
 U 262.24, 0.24
 U 6.06, 0.31
 - 0, 0.08
968.1
 - 335.928, 0.09
 E 335.928, 0.01071
 - 54.546, 0.2
 U 16.86, 0.09
 - 0, 0.4
983.6
 P 0, 1
1013.1
 - 586.135, 0.08
 E 586.135, 0.00864
 U 16.86, 0.16
 - 0, 0.75
1031.6
 U 16.86, 0.79
 - 0, 0.09
1040.1
 P 0, 1
1051.5
 U 16.86, 0.39
 - 0, 0.22
1061.43
 U 16.86, 0.24
 U 6.04, 0.24
1073.7
 P 0, 1
1132.11
 U 262.24, 0.26
 V 262.24, 0.00832
 U 50.38, 0.09
 U 6.06, 0.19
1151.72
 - 371.17, 0.09
 E 371.17, 0.00378
 - 54.546, 0.18
 U 50.38, 0.39
 U 6.06, 0.2
 - 0, 0.15
1171.2
 - 54.546, 0.18
 U 16.86, 0.15
 U 6.06, 0.26
1182.8
 P 0, 1
1185.5
 - 335.928, 0.16
 - 93.62, 0.03
 - 0, 0.16
1238.2
 P 0, 1
1256.2
 P 0, 1
1259.4
 P 0, 1
1263.2
 P 0, 1
1276.8
 P 0, 1
1283.2
 P 0, 1
1313.41
 U 478.36, 0.56
1324.7
 P 0, 1
1337.8
 P 0, 1
1350.7
 U 478.36, 0.41
1388
 P 0, 1
1395.2
 P 0, 1
1408.4
 P 0, 1
1422.6
 P 0, 1
1444.6
 P 0, 1
1459.7
 P 0, 1
1491
 P 0, 1
1498.3
 P 0, 1
1509.9
 P 0, 1
1517.4
 P 0, 1
1525.1
 P 0, 1
1540.8
 P 0, 1
1554.7
 P 0, 1
1557.5
 P 0, 1
1589.8
 P 0, 1
1601.3
 P 0, 1
1612.3
 P 0, 1
1638
 P 0, 1
1653.6
 P 0, 1
1658.7
 P 0, 1
1668.3
 P 0, 1
1699.3
 P 0, 1
1715.7
 P 0, 1
1727.7
 P 0, 1
1730.6
 P 0, 1
1736.7
 P 0, 1
1741.2
 P 0, 1
1776.4
 P 0, 1
1796.8
 P 0, 1
1805.6
 P 0, 1
1816
 P 0, 1
1842
 P 0, 1
1859.7
 P 0, 1
1862.5
 P 0, 1
1894.9
 P 0, 1
1905.4
 P 0, 1
1935.4
 P 0, 1
1944.4
 P 0, 1
1948
 P 0, 1
1961.4
 P 0, 1
1964.2
 P 0, 1
1970.7
 P 0, 1
1979
 P 0, 1
1991
 P 0, 1
1995.9
 P 0, 1
2002.1
 P 0, 1
2014.7
 P 0, 1
2026.4
 P 0, 1
2041.5
 P 0, 1
2046.6
 P 0, 1
2053.5
 P 0, 1
2066.3
 P 0, 1
2069.6
 P 0, 1
2073.9
 P 0, 1
2083.1
 P 0, 1
2097.2
 P 0, 1
2114.5
 P 0, 1
2126.8
 P 0, 1
2132.9
 P 0, 1
2145.1
 P 0, 1
2150.1
 P 0, 1
2156.2
 P 0, 1
2176.3
 P 0, 1
2179.6
 P 0, 1
2189.4
 P 0, 1
2195.3
 P 0, 1
2228.1
 P 0, 1
2234.4
 P 0, 1
2240.9
 P 0, 1
2244
 P 0, 1
2261.5
 P 0, 1
2282.6
 P 0, 1
2300.6
 P 0, 1
3578.49
 P 0, 1
3597.69
 P 0, 1
3615.06
 P 0, 1
3628.39
 P 0, 1
3657.49
 P 0, 1
3680.89
 P 0, 1
3701.79
 P 0, 1
3712.48
 P 0, 1
3724.05
 P 0, 1
3763.79
 P 0, 1
3784.49
 P 0, 1
4786.39
 U 2300.6, 0.6
 U 2282.6, 0.7
 U 2261.5, 0.59
 U 2244, 0.49
 U 2240.9, 0.57
 U 2234.4, 0.6
 U 2228.1, 0.47
 U 2195.3, 0.5
 U 2189.4, 0.79
 U 2179.6, 0.53
 U 2176.3, 0.61
 U 2156.2, 0.57
 U 2150.1, 0.41
 U 2145.1, 0.79
 U 2132.9, 1
 U 2126.8, 0.98
 U 2114.5, 0.66
 U 2097.2, 0.45
 U 2083.1, 0.84
 U 2073.9, 0.84
 U 2069.6, 0.37
 U 2066.3, 0.95
 U 2053.5, 0.66
 U 2046.6, 0.43
 U 2041.5, 0.49
 U 2026.4, 0.36
 U 2014.7, 0.34
 U 2002.1, 0.58
 U 1995.9, 0.31
 U 1991, 0.4
 U 1979, 0.88
 U 1970.7, 0.27
 U 1964.2, 0.68
 U 1961.4, 1.02
 U 1948, 0.5
 U 1944.4, 0.36
 U 1935.4, 0.48
 U 1905.4, 0.7
 U 1894.9, 0.31
 U 1862.5, 0.35
 U 1859.7, 0.24
 U 1842, 0.12
 U 1816, 0.46
 U 1805.6, 0.74
 U 1796.8, 0.49
 U 1776.4, 0.23
 U 1741.2, 0.34
 U 1736.7, 0.25
 U 1730.6, 0.45
 U 1727.7, 0.38
 U 1715.7, 0.38
 U 1699.3, 0.67
 U 1668.3, 0.41
 U 1658.7, 0.44
 U 1653.6, 0.51
 U 1638, 1.6
 U 1612.3, 0.69
 U 1601.3, 0.66
 U 1589.8, 1.14
 U 1557.5, 0.44
 U 1554.7, 0.47
 U 1540.8, 0.22
 U 1525.1, 0.3
 U 1517.4, 0.15
 U 1509.9, 0.39
 U 1498.3, 0.9
 U 1491, 0.37
 U 1459.7, 0.76
 U 1444.6, 1.22
 U 1422.6, 0.34
 U 1408.4, 1.01
 U 1395.2, 0.38
 U 1388, 1.29
 U 1350.7, 1.47
 U 1337.8, 1.58
 U 1324.7, 0.52
 U 1313.41, 4.17
 U 1283.2, 0.36
 U 1276.8, 0.99
 U 1263.2, 0.44
 U 1259.4, 0.79
 U 1256.2, 1.04
 U 1238.2, 0.29
 - 1185.5, 0.34
 U 1182.8, 0.56
 - 1171.2, 0.32
 - 1151.72, 0.42
 U 1132.11, 0.2
 U 1073.7, 0.32
 U 1061.43, 0.59
 - 1051.5, 0.73
 U 1040.1, 0.62
 - 1031.6, 0.73
 U 983.6, 0.43
 - 947.2, 0.13
 - 924.58, 0.45
 U 919.1, 0.09
 U 903.6, 0.1
 U 852.28, 0.12
 - 839.66, 1.77
 - 814.74, 0.3
 - 769.6, 0.23
 U 749.9, 0.08
 - 741.32, 0.76
 - 713.72, 0.56
 U 695.6, 0.08
 - 681.846, 0.15
 - 611.476, 0.08
 - 583.932, 0.65
 - 572.7, 0.13
 - 539.61, 0.62
 U 424.3, 0.08
 U 413.8, 0.08
 U 405.8, 0.08
 U 388.3, 0.08
 U 367, 0.08
 - 335.928, 0.39
 U 309.5, 0.08
 U 262.24, 0.1
 U 16.86, 0.33
 - 0, 0.05
 U 3784.49, 0.11
 U 3784.49, 0.24
 U 3763.79, 0.47
 U 3763.79, 0.75
 U 3724.05, 0.27
 U 3724.05, 0.06
 U 3712.48, 0.54
 U 3701.79, 0.07
 U 3680.89, 0.14
 U 3680.89, 0.14
 U 3657.49, 0.11
 U 3657.49, 0.24
 U 3628.39, 0.15
 U 3628.39, 0.12
 U 3615.06, 0.17
 U 3615.06, 0.26
 U 3597.69, 0.07
 U 3597.69, 0.26
 U 3578.49, 0.08
 U 3578.49, 0.1
