129.301
 - 0, 3.23
 E 0, 0.88825
171.39
 - 129.301, 0.03
 - 0, 0.02
 E 0, 0.00283
225.418
 - 171.39, 0.01
 E 171.39, 0.278
332.841
 - 171.39, 0.15
 E 171.39, 0.8505
 - 129.301, 0.51
 E 129.301, 1.5045
 - 0, 0.45
 E 0, 0.014085
367.074
 - 225.418, 0.02
 E 225.418, 0.1644
 - 171.39, 0.08
 E 171.39, 0.264
 - 129.301, 0.03
 E 129.301, 0.0573
 - 0, 0.11
393.214
 - 129.301, 0.16
 E 129.301, 0.22848
426.742
 - 129.301, 0.03
 E 129.301, 0.03078
445.747
 - 171.39, 0.02
 E 171.39, 0.02564
 - 129.301, 0.26
 E 129.301, 0.2249
 - 0, 0.2
 E 0, 0.003396
474.301
 - 129.301, 0.1
 E 129.301, 0.0682
633.089
 - 0, 2
 E 0, 0.2642
637.791
 - 426.742, 0.02
 E 426.742, 0.001738
 - 393.214, 0.04
 E 393.214, 0.00248
 - 0, 3.5
 E 0, 0.09555
664.539
 - 0, 0.58
 E 0, 0.014558
761.018
 - 637.791, 0.025
 - 0, 0.1
769.25
 - 129.301, 0.23
805.649
 - 633.089, 0.03
 E 633.089, 0.141
 - 426.742, 0.1
 - 393.214, 0.24
 - 0, 0.35
 E 0, 0.0059115
821.24
 - 0, 0.12
835
 P 0, 1
843.865
 - 129.301, 0.44
 E 129.301, 0.00946
865.207
 - 171.39, 0.25
 E 171.39, 0.005725
 - 129.301, 0.4
 E 129.301, 0.0192
891.94
 - 171.39, 0.08
 - 129.301, 0.04
905.272
 - 225.418, 0.15
 E 225.418, 0.003585
 - 171.39, 0.13
 E 171.39, 0.011583
 - 129.301, 0.07
958.7
 P 0, 1
977.7
 P 0, 1
990.247
 - 865.207, 0.06
 E 865.207, 0.01782
 - 761.018, 0.05
 E 761.018, 0.106
1007.5
 P 0, 1
1010.7
 P 0, 1
1034.9
 P 0, 1
1038.37
 - 474.301, 0.08
 E 474.301, 0.0144
 - 426.742, 0.1
1045.1
 P 0, 1
1057.24
 - 225.418, 0.35
 - 171.39, 0.02
 - 129.301, 0.12
 - 0, 0.17
1082.9
 P 0, 1
1106
 P 0, 1
1116.21
 - 171.39, 0.12
 - 129.301, 0.35
1129.3
 P 0, 1
1142.63
 - 664.539, 0.36
 E 664.539, 0.10116
 - 637.791, 0.38
 E 637.791, 0.04826
1157.64
 - 129.301, 0.02
 - 0, 0.09
1185.6
 P 0, 1
1225.9
 P 0, 1
1242.9
 - 393.214, 0.08
1251.8
 P 0, 1
1265.8
 P 0, 1
1302.4
 P 0, 1
1316.5
 P 0, 1
1321.4
 - 474.301, 0.057
 E 474.301, 0.0034713
 - 426.742, 0.04
 - 171.39, 0.03
1330.7
 P 0, 1
1358.6
 P 0, 1
1368.7
 P 0, 1
1388.3
 P 0, 1
1396.4
 - 0, 0.1
1404.5
 P 0, 1
1412.91
 - 393.214, 0.18
 - 129.301, 0.25
1413.11
 P 0, 1
1439.2
 P 0, 1
1448.9
 P 0, 1
1463.4
 P 0, 1
1483.6
 - 474.301, 0.1
 - 129.301, 0.19
1483.9
 P 0, 1
1488.1
 P 0, 1
1496
 P 0, 1
1534.3
 P 0, 1
1553.8
 P 0, 1
1572.4
 P 0, 1
1614
 P 0, 1
1622.6
 P 0, 1
1689.6
 P 0, 1
1707.4
 P 0, 1
1744.5
 P 0, 1
1773
 P 0, 1
1801.9
 P 0, 1
1890.4
 P 0, 1
1905.7
 P 0, 1
1911.1
 P 0, 1
1931.7
 P 0, 1
2003.6
 P 0, 1
2013.6
 P 0, 1
2023.3
 P 0, 1
2073.3
 P 0, 1
2139
 P 0, 1
2206.7
 P 0, 1
2500
 P 0, 1
3801.45
 P 0, 1
3813.35
 P 0, 1
3824.55
 P 0, 1
3836.05
 P 0, 1
3848.65
 P 0, 1
3859.35
 P 0, 1
3869.65
 P 0, 1
3880.75
 P 0, 1
3906.35
 P 0, 1
3920.25
 P 0, 1
3933.55
 P 0, 1
3947.95
 P 0, 1
3968.85
 P 0, 1
3979.45
 P 0, 1
3996.35
 P 0, 1
4007.85
 P 0, 1
4017.85
 P 0, 1
4032.25
 P 0, 1
4051.25
 P 0, 1
4064.55
 P 0, 1
4077.05
 P 0, 1
4087.15
 P 0, 1
4100.15
 P 0, 1
4112.15
 P 0, 1
4124.65
 P 0, 1
4135.85
 P 0, 1
4152.65
 P 0, 1
4179.95
 P 0, 1
4202.05
 P 0, 1
4219.45
 P 0, 1
4252.65
 P 0, 1
4264.95
 P 0, 1
4281.75
 P 0, 1
5297.65
 U 1496, 0.037
 U 1488.1, 0.078
 U 1483.9, 0.093
 U 1463.4, 0.12
 U 1448.9, 0.31
 U 1439.2, 0.11
 U 1413.11, 0.64
 U 1404.5, 0.1
 U 1388.3, 0.21
 U 1358.6, 0.21
 U 1316.5, 0.019
 U 1302.4, 0.16
 U 1265.8, 0.11
 U 1225.9, 0.046
 U 1185.6, 0.09
 - 1142.63, 0.95
 U 1129.3, 0.37
 U 1106, 0.018
 U 1082.9, 0.033
 U 1034.9, 0.15
 U 1010.7, 0.1
 - 891.94, 0.1
 - 865.207, 0.068
 - 805.649, 0.09
 - 761.018, 0.11
 - 637.791, 0.018
 - 393.214, 0.02
 U 4281.75, 0.25
 U 4264.95, 0.15
 U 4252.65, 0.33
 U 4219.45, 0.07
 U 4219.45, 0.05
 U 4202.05, 0.18
 U 4202.05, 0.06
 U 4179.95, 0.05
 U 4179.95, 0.07
 U 4152.65, 0.08
 U 4152.65, 0.04
 U 4135.85, 0.04
 U 4135.85, 0.16
 U 4135.85, 0.08
 U 4135.85, 0.03
 U 4124.65, 0.21
 U 4124.65, 0.07
 U 4124.65, 0.05
 U 4112.15, 0.27
 U 4100.15, 0.1
 U 4087.15, 0.04
 U 4087.15, 0.06
 U 4077.05, 0.2
 U 4077.05, 0.18
 U 4077.05, 0.14
 U 4064.55, 0.35
 U 4064.55, 0.05
 U 4051.25, 0.23
 U 4051.25, 0.14
 U 4051.25, 0.05
 U 4032.25, 0.17
 U 4032.25, 0.18
 U 4017.85, 0.08
 U 4017.85, 0.04
 U 4007.85, 0.05
 U 4007.85, 0.47
 U 3996.35, 0.28
 U 3996.35, 0.09
 U 3979.45, 0.11
 U 3979.45, 0.13
 U 3979.45, 0.09
 U 3968.85, 0.05
 U 3968.85, 0.17
 U 3968.85, 0.1
 U 3968.85, 0.25
 U 3947.95, 0.07
 U 3947.95, 0.42
 U 3933.55, 0.06
 U 3933.55, 0.12
 U 3933.55, 0.08
 U 3920.25, 0.09
 U 3906.35, 0.28
 U 3906.35, 0.1
 U 3880.75, 0.05
 U 3880.75, 0.08
 U 3869.65, 0.06
 U 3869.65, 0.09
 U 3859.35, 0.16
 U 3859.35, 0.04
 U 3848.65, 0.13
 U 3848.65, 0.07
 U 3836.05, 0.16
 U 3836.05, 0.18
 U 3836.05, 0.08
 U 3836.05, 0.04
 U 3824.55, 0.03
 U 3824.55, 0.18
 U 3824.55, 0.05
 U 3813.35, 0.06
 U 3813.35, 0.09
 U 3801.45, 0.08
