98.631
 P 0, 1
133.799
 - 0, 14.1778
 E 0, 52.7414
145.767
 - 133.799, 32
169.089
 - 0, 0.44772
193.985
 - 145.767, 13
 - 133.799, 2.81691
 E 133.799, 417.184
222.25
 P 0, 1
292.587
 U 98.631, 0.145509
 - 0, 0.59696
539.283
 - 0, 3.69369
 E 0, 0.0429576
687.854
 - 145.767, 0.89544
 - 133.799, 3.17135
 E 133.799, 0.599385
 - 0, 1.04468
715.835
 - 193.985, 2.72363
 - 133.799, 0.59696
 - 0, 0.82082
726.108
 - 145.767, 1.60433
 - 133.799, 1.67895
734.65
 - 145.767, 0.89544
739.38
 - 145.767, 4.02948
 - 133.799, 1.97743
746.054
 - 193.985, 7.72317
 E 193.985, 0.0858044
 - 145.767, 1.1193
 - 133.799, 8.5813
757.151
 - 193.985, 0.52234
 - 145.767, 0.52234
784.273
 U 222.25, 1.19392
 V 222.25, 0.0128108
 - 145.767, 1.52971
800
 P 0, 1
815.155
 - 687.854, 0.369369
 - 145.767, 0.145509
 - 133.799, 0.44772
823.708
 - 193.985, 2.72363
 - 133.799, 1.60433
853.23
 - 0, 2.05205
888.1
 P 0, 1
893.3
 - 0, 0.59696
932.9
 - 145.767, 0.7462
 - 133.799, 2.94749
961.85
 - 193.985, 0.7462
 - 133.799, 0.89544
965.637
 - 145.767, 0.3731
 - 133.799, 1.97743
988.2
 - 193.985, 0.7462
 - 145.767, 0.89544
990.495
 - 539.283, 0.3731
 - 0, 0.3731
1005.7
 P 0, 1
1062.48
 - 0, 0.294749
1066.81
 - 0, 1.1193
1149.7
 - 0, 0.3731
1152.8
 - 145.767, 0.294749
 - 0, 0.3731
1155.05
 - 193.985, 0.145509
 - 133.799, 0.294749
 - 0, 0.3731
1167.02
 - 145.767, 0.294749
 - 0, 0.7462
1194.63
 - 715.835, 0.44772
 - 145.767, 0.44772
 - 133.799, 0.59696
1201.02
 - 193.985, 0.294749
1223.31
 - 687.854, 1.04468
 - 193.985, 1.38047
 - 133.799, 0.52234
 E 133.799, 0.0163492
1232
 P 0, 1
1235.2
 P 0, 1
1237.7
 P 0, 1
1241.96
 - 687.854, 1.04468
 E 687.854, 0.0115228
1243.4
 P 0, 1
1260.3
 P 0, 1
1265.3
 P 0, 1
1270.6
 P 0, 1
1276.83
 P 0, 1
1306.22
 - 715.835, 1.26854
1318.2
 P 0, 1
1320.5
 P 0, 1
1324.6
 P 0, 1
1360.97
 - 823.708, 0.294749
1368.03
 P 0, 1
1383.5
 P 0, 1
1399.5
 P 0, 1
1404.53
 P 0, 1
1416.9
 P 0, 1
1436.83
 P 0, 1
1445.83
 P 0, 1
1462.5
 P 0, 1
1479.5
 P 0, 1
1481.53
 P 0, 1
1493.6
 P 0, 1
1494.9
 P 0, 1
1504.5
 P 0, 1
1509.9
 P 0, 1
1512.9
 P 0, 1
1520.33
 P 0, 1
1573.2
 P 0, 1
1586.3
 P 0, 1
1609.2
 P 0, 1
1614.7
 P 0, 1
1631.2
 P 0, 1
1684.7
 P 0, 1
1692.2
 P 0, 1
1717
 P 0, 1
1807.9
 P 0, 1
3616.51
 P 0, 1
3634.42
 P 0, 1
3648.32
 P 0, 1
3667.23
 P 0, 1
3737.04
 P 0, 1
3752.68
 P 0, 1
4806.45
 U 1807.9, 0.44772
 U 1717, 0.264901
 U 1692.2, 0.26117
 U 1684.7, 0.29848
 U 1631.2, 0.249977
 U 1614.7, 0.175357
 U 1609.2, 0.59696
 U 1586.3, 0.44772
 U 1573.2, 0.3731
 U 1520.33, 0.14924
 U 1512.9, 0.0104468
 U 1509.9, 13.2077
 U 1504.5, 0.055965
 U 1494.9, 0.138047
 U 1493.6, 0.14924
 U 1481.53, 0.0940212
 U 1479.5, 0.0089544
 U 1462.5, 0.0156702
 U 1445.83, 0.0582036
 U 1436.83, 0.0343252
 U 1416.9, 0.0052234
 U 1404.53, 0.093275
 U 1399.5, 0.0029848
 U 1383.5, 0.0082082
 U 1368.03, 0.0873054
 - 1360.97, 0.167895
 U 1324.6, 0.0313404
 U 1320.5, 0.0313404
 U 1318.2, 0.103722
 - 1306.22, 0.0320866
 U 1276.83, 0.0619346
 U 1270.6, 0.0246246
 U 1265.3, 0.0201474
 U 1260.3, 0.0350714
 - 1241.96, 0.156702
 U 1237.7, 0.0156702
 U 1235.2, 0.0432796
 U 1232, 0.026117
 - 1223.31, 0.0197743
 - 1194.63, 0.544726
 - 1167.02, 0.458167
 - 1155.05, 0.259304
 - 1152.8, 0.0738738
 - 1149.7, 0.0052234
 - 1066.81, 0.142897
 - 1062.48, 0.0052234
 U 1005.7, 0.0067158
 - 990.495, 0.0626808
 - 988.2, 0.0477568
 - 965.637, 0.0753662
 - 961.85, 0.253708
 - 932.9, 0.0999908
 - 893.3, 0.0029848
 U 888.1, 0.007462
 - 853.23, 0.0194012
 - 823.708, 0.966329
 - 815.155, 0.899171
 - 757.151, 0.011193
 - 746.054, 6.93966
 - 739.38, 0.272363
 - 734.65, 0.0052234
 - 726.108, 0.0462644
 - 715.835, 0.0552188
 - 687.854, 0.055965
 - 193.985, 0.11678
 - 145.767, 0.1276
 - 133.799, 0.0440258
 - 0, 0.0052234
 U 3752.68, 18.655
 U 3752.68, 11.193
 U 3737.04, 7.462
 U 3667.23, 11.193
 V 3667.23, 0.311165
 U 3648.32, 11.193
 U 3634.42, 14.924
 U 3634.42, 7.462
 U 3616.51, 14.924
 U 3616.51, 22.386
 U 3616.51, 29.848
