7.9
 P 0, 1
57.3
 P 0, 1
75.7
 P 0, 1
163.8
 P 0, 1
470.1
 U 7.9, 0.43
 - 0, 0.24
492.1
 U 57.3, 0.31
 U 7.9, 0.04
 - 0, 0.23
505.4
 U 75.7, 0.14
 U 57.3, 0.02
 U 7.9, 0.14
556.6
 U 163.8, 0.03
 U 57.3, 0.05
752.5
 U 57.3, 0.04
 U 7.9, 0.08
 - 0, 0.1
798.2
 U 7.9, 0.17
 - 0, 0.12
805.1
 U 7.9, 0.1
 - 0, 0.03
825.5
 U 7.9, 0.1
 - 0, 0.22
888
 - 0, 0.05
933.3
 U 7.9, 0.01
 - 0, 0.04
1099.5
 P 0, 1
5646.6
 U 1099.5, 0.73
 - 933.3, 0.18
 - 888, 0.1
 - 825.5, 2.4
 - 805.1, 0.36
 - 798.2, 0.2
 - 752.5, 0.2
 - 492.1, 0.35
 - 470.1, 2.3
 - 0, 0.2
