1156.93
 - 0, 96.97
1883.4
 - 1156.93, 0.4
2283.06
 - 1156.93, 54.12
2656.4
 - 1156.93, 5.46
 - 0, 0.72
3044.33
 - 2283.06, 6.51
 - 1156.93, 5.74
3285.04
 - 2283.06, 6.59
3301.5
 - 1156.93, 1.75
 - 0, 0.7
3307.55
 - 2656.4, 1.89
 - 2283.06, 1.99
 - 1156.93, 6.44
3357.21
 - 2283.06, 11.13
 - 1156.93, 1.62
3676.2
 - 3307.55, 0.53
 - 3301.5, 0.11
 - 2656.4, 0.38
 - 1156.93, 1.78
3711.85
 - 3307.55, 4.53
 - 2283.06, 2
3776.3
 - 1156.93, 1.46
3913.74
 - 3285.04, 2.46
 - 3044.33, 2.45
3922.66
 - 3285.04, 1.6
 - 3044.33, 1.45
 - 2283.06, 0.73
4011.3
 - 3711.85, 0.11
4092.11
 - 3285.04, 1.41
 - 2283.06, 0.68
4195.7
 - 1156.93, 2.02
4358.2
 - 3307.55, 0.62
 - 1156.93, 0.33
4399.1
 - 1156.93, 0.56
4479.8
 - 1156.93, 0.63
4564.81
 - 3913.74, 1.89
 - 2283.06, 0.45
 - 0, 0.44
4584.04
 - 3307.55, 0.18
 - 3044.33, 0.77
 - 2283.06, 0.79
 - 1156.93, 1.96
4651
 - 2656.4, 0.76
 - 0, 1.09
4690
 - 1156.93, 0.75
4803.5
 - 1156.93, 0.56
4904.5
 - 2656.4, 0.52
 - 1156.93, 0.82
5005.6
 - 3913.74, 0.16
 - 3357.21, 1.65
 - 2283.06, 2.38
 - 1156.93, 0.29
5096.8
 - 3913.74, 0.62
5130.1
 - 3357.21, 0.65
 - 2283.06, 1.93
 - 1156.93, 1.61
5230.3
 - 3357.21, 2.91
 - 3044.33, 0.27
 - 2283.06, 3.92
5289.2
 - 2283.06, 1.14
5300.4
 - 3711.85, 0.53
5342.1
 - 1156.93, 0.13
5374.9
 - 1156.93, 0.69
5458.8
 - 2283.06, 0.44
 - 1156.93, 0.22
5548.8
 - 3676.2, 2.91
 - 2656.4, 0.34
 - 2283.06, 0.54
 - 1156.93, 0.39
5733.3
 - 4092.11, 0.73
 - 3357.21, 0.29
 - 3044.33, 0.37
 - 2283.06, 1.74
5775.6
 - 3676.2, 0.53
 - 3301.5, 0.27
 - 3044.33, 0.36
 - 2656.4, 0.14
 - 2283.06, 1.09
 - 1156.93, 0.4
5866.3
 - 4092.11, 0.65
 - 3357.21, 0.15
 - 2283.06, 0.65
6039.9
 - 3357.21, 0.24
6146.1
 - 4092.11, 0.57
 - 2283.06, 0.66
 - 0, 0.05
6211.3
 - 3913.74, 0.2
6672.9
 - 4584.04, 0.87
 - 3776.3, 0.16
 - 3044.33, 0.3
11131.5
 - 6672.9, 1.9
 - 6211.3, 0.9
 - 6146.1, 1.12
 - 6039.9, 0.4
 - 5866.3, 1.19
 - 5775.6, 2.88
 - 5733.3, 3.75
 - 5548.8, 0.99
 - 5458.8, 0.5
 - 5374.9, 0.85
 - 5342.1, 0.35
 - 5300.4, 1
 - 5289.2, 1.17
 - 5230.3, 6.97
 - 5130.1, 3.39
 - 5096.8, 1.18
 - 5005.6, 3.72
 - 4904.5, 0.84
 - 4803.5, 0.59
 - 4690, 0.39
 - 4651, 2.3
 - 4584.04, 2.36
 - 4564.81, 0.56
 - 4479.8, 0.42
 - 4399.1, 0.14
 - 4358.2, 0.75
 - 4195.7, 0.88
 - 4011.3, 0.08
 - 3922.66, 1.55
 - 3776.3, 0.49
 - 3711.85, 0.74
 - 3676.2, 0.08
 - 3357.21, 3.04
 - 3307.55, 0.17
 - 3301.5, 0.6
 - 3044.33, 0.67
 - 2656.4, 0.07
 - 2283.06, 0.37
 - 1156.93, 0.11
