372.72
 - 0, 38
593.31
 - 372.72, 11
 - 0, 23
990.4
 - 593.31, 0.9
 - 372.72, 6.6
1394.5
 - 990.4, 0.5
 - 372.72, 1.4
1957.3
 - 990.4, 0.2
 - 593.31, 1.5
2046.33
 - 1394.5, 0.9
 - 990.4, 4.2
 - 593.31, 4.9
 - 372.72, 11.9
 - 0, 38
2102.8
 - 372.72, 1.2
 - 0, 1.2
2610.9
 - 2046.33, 1.5
 - 593.31, 2.8
2878.2
 - 2046.33, 0.4
 - 593.31, 1.4
2943.5
 - 2102.8, 0.3
 - 593.31, 2.5
3286.1
 - 2046.33, 1
3315.4
 - 2046.33, 0.7
3572.6
 - 2046.33, 0.7
 - 593.31, 1.2
 - 372.72, 0.3
4207.3
 - 2046.33, 2.1
 - 593.31, 4.7
5037.8
 - 2046.33, 0.6
7932.7
 - 5037.8, 2
 - 4207.3, 8.3
 - 3572.6, 2.9
 - 3315.4, 0.6
 - 3286.1, 2.4
 - 2943.5, 3.6
 - 2878.2, 2.4
 - 2610.9, 4.1
 - 2102.8, 0.9
 - 2046.33, 53
 - 1957.3, 0.6
 - 593.31, 5.7
