174.26
 - 0, 77
1434.8
 - 174.26, 18.3
 - 0, 8.8
1884.4
 - 174.26, 1.1
1899.98
 - 1434.8, 5.2
 - 174.26, 44
 - 0, 11.8
2249.13
 - 1899.98, 4.2
 - 1434.8, 4.8
 - 174.26, 7.9
2392.5
 - 1899.98, 0.1
 - 1434.8, 1
2842.08
 - 1899.98, 0.3
 - 1884.4, 1
 - 174.26, 3.3
 - 0, 0.7
3241.28
 - 174.26, 1.3
3418.48
 - 2842.08, 0.7
 - 2392.5, 0.4
 - 2249.13, 4
 - 1434.8, 1
 - 174.26, 2.4
3783.22
 - 174.26, 0.7
3837.9
 - 1899.98, 0.5
 - 1434.8, 1
4615.74
 - 1899.98, 1.6
 - 1434.8, 0.7
4999.68
 - 2392.5, 1.1
 - 1899.98, 0.9
 - 1434.8, 0.3
7414.79
 - 4999.68, 2.2
 - 4615.74, 3.4
 - 3837.9, 1.7
 - 3783.22, 0.9
 - 3418.48, 10.3
 - 3241.28, 2.4
 - 2842.08, 4.1
 - 2249.13, 9.7
 - 1899.98, 54.3
 - 1434.8, 10.7
