1381.77
 - 0, 85.5
1585.97
 - 0, 10.2
1723.48
 - 1585.97, 0.54
 - 1381.77, 24.8
1762.01
 - 0, 5.35
2260.96
 - 1381.77, 0.05
2504.36
 - 1381.77, 0.72
2513.44
 - 0, 0.219
2664.36
 - 1762.01, 0.127
2721.3
 - 1585.97, 0.212
3038.68
 - 1723.48, 0.034
3175.28
 - 1723.48, 0.242
 - 1585.97, 1.01
 - 1381.77, 2.57
3260.7
 - 1762.01, 4.89
 - 1585.97, 0.397
 - 1381.77, 0.5
3428.25
 - 1762.01, 0.048
 - 1585.97, 0.31
 - 1381.77, 0.26
3469.03
 - 1585.97, 0.32
3618.49
 - 3469.03, 0.041
3787.67
 - 1381.77, 0.211
3854.97
 - 2504.36, 0.063
 - 1723.48, 0.031
 - 1381.77, 0.073
4074.17
 - 3469.03, 0.03
4221.8
 - 3787.67, 0.033
 - 1723.48, 0.299
 - 1585.97, 0.123
 - 1381.77, 0.63
4433.26
 - 1723.48, 0.127
 - 1585.97, 0.105
4588.24
 - 3260.7, 0.254
 - 3038.68, 0.115
 - 1585.97, 0.239
 - 1381.77, 0.086
4666.66
 - 3260.7, 0.055
 - 1723.48, 0.94
 - 1381.77, 0.111
4811.02
 - 2504.36, 0.043
 - 1585.97, 0.152
4910.92
 - 1723.48, 0.141
 - 1585.97, 0.065
5115.56
 - 3469.03, 0.046
 - 3260.7, 0.066
 - 3175.28, 0.18
 - 2513.44, 0.027
 - 2504.36, 0.25
 - 1585.97, 0.168
 - 1381.77, 1.31
5151.12
 - 4074.17, 0.042
 - 3618.49, 0.053
 - 2721.3, 0.035
 - 1762.01, 0.02
 - 1723.48, 0.035
 - 1585.97, 0.079
5412.03
 - 1381.77, 0.062
5795.48
 - 2260.96, 0.062
 - 1723.48, 0.032
8142.39
 - 5795.48, 0.097
 - 5412.03, 0.147
 - 5151.12, 0.185
 - 5115.56, 2.07
 - 4910.92, 0.403
 - 4811.02, 0.054
 - 4666.66, 1.57
 - 4588.24, 0.684
 - 4433.26, 0.585
 - 4221.8, 1.289
 - 3854.97, 0.136
 - 3787.67, 0.355
 - 3469.03, 0.56
 - 3428.25, 0.956
 - 3260.7, 4.51
 - 3175.28, 2.89
 - 2664.36, 0.206
 - 2504.36, 0.428
 - 1723.48, 30.5
 - 1585.97, 5.09
 - 1381.77, 46.3
