1553.8
 - 0, 99
2674.93
 - 1553.8, 59.6
3198.69
 - 2674.93, 2.17
3862.81
 - 1553.8, 0.86
4147.21
 - 2674.93, 11.4
4171.98
 - 2674.93, 9.6
 - 1553.8, 19.9
4309.86
 - 1553.8, 1.32
 - 0, 0.259
4410.01
 - 2674.93, 0.73
 - 1553.8, 2.86
4486.72
 - 1553.8, 0.66
 - 0, 0.11
4789.96
 - 1553.8, 1.2
 - 0, 0.136
4880.69
 - 4147.21, 0.214
 - 3198.69, 0.84
 - 2674.93, 10.1
5186.08
 - 2674.93, 4.26
 - 1553.8, 1.72
5379.92
 - 4171.98, 2.4
 - 2674.93, 4.38
 - 1553.8, 0.56
5547.79
 - 3198.69, 0.36
 - 2674.93, 1.31
 - 1553.8, 1.07
5694.84
 - 2674.93, 0.8
5806.52
 - 2674.93, 0.39
5946.45
 - 5186.08, 0.34
 - 4789.96, 0.2
 - 2674.93, 3.81
6123.13
 - 4880.69, 0.71
 - 4486.72, 0.601
 - 3198.69, 0.22
 - 2674.93, 0.14
6156.46
 - 1553.8, 0.2
6301.77
 - 4171.98, 0.31
 - 1553.8, 2.03
6379.83
 - 3198.69, 0.13
6399.78
 - 2674.93, 0.13
 - 1553.8, 0.201
6521.36
 - 4789.96, 0.24
 - 3862.81, 0.5
 - 2674.93, 1.07
6710.54
 - 5186.08, 0.7
 - 4410.01, 0.68
 - 4171.98, 1.09
 - 1553.8, 0.852
6729.82
 - 3862.81, 0.44
 - 2674.93, 0.52
6837.6
 - 5379.92, 0.122
 - 1553.8, 0.366
6849
 - 4147.21, 0.16
 - 3198.69, 0.11
7029.38
 - 4309.86, 0.37
7078.69
 - 2674.93, 0.14
 - 1553.8, 0.126
7232.17
 - 5379.92, 0.55
 - 1553.8, 0.165
7482.92
 - 1553.8, 0.426
10939.2
 - 7482.92, 1.03
 - 7232.17, 0.6
 - 7078.69, 0.2
 - 7029.38, 0.14
 - 6849, 0.79
 - 6837.6, 0.84
 - 6729.82, 1
 - 6710.54, 4.01
 - 6521.36, 1.84
 - 6399.78, 0.297
 - 6379.83, 0.54
 - 6301.77, 1.83
 - 6156.46, 0.14
 - 6123.13, 1.07
 - 5946.45, 4.49
 - 5806.52, 0.201
 - 5694.84, 0.547
 - 5547.79, 1.96
 - 5379.92, 6.14
 - 5186.08, 4.72
 - 4880.69, 10.03
 - 4789.96, 0.53
 - 4486.72, 0.25
 - 4410.01, 0.92
 - 4171.98, 17.8
 - 4147.21, 7.58
 - 2674.93, 8.57
 - 1553.8, 5.08
