749.01
 - 0, 84.8
776.68
 - 749.01, 37.1
1352.7
 - 749.01, 0.8056
 - 0, 0.1696
1899.2
 - 776.68, 1.3568
 - 749.01, 3.1164
 - 0, 12.667
2001.7
 - 0, 2.226
2828.2
 - 2001.7, 0.2968
 - 1899.2, 0.1484
 - 749.01, 0.318
2890.2
 - 2001.7, 2.3002
 - 1899.2, 0.8268
 - 1352.7, 2.014
 - 776.68, 1.166
 - 749.01, 0.371
2908
 - 749.01, 0.0742
3055.3
 - 776.68, 0.2968
3125.75
 - 776.68, 2.438
 - 749.01, 5.3
3348.6
 - 749.01, 0.0954
3766.8
 - 776.68, 1.06
 - 749.01, 1.166
3770.2
 - 2908, 0.0742
 - 749.01, 1.59
3971
 - 3125.75, 0.3816
4039.7
 - 3125.75, 0.1802
 - 1899.2, 0.371
 - 776.68, 1.696
 - 749.01, 0.5936
4289.2
 - 776.68, 0.636
4560.8
 - 1352.7, 0.1484
4636.7
 - 2828.2, 0.1802
 - 1352.7, 0.1484
 - 776.68, 0.7738
4769.8
 - 3766.8, 0.159
 - 749.01, 0.5724
4833.6
 - 0, 0.265
5204.5
 - 1899.2, 0.0742
5668.1
 - 4833.6, 0.3286
 - 4560.8, 0.1484
 - 776.68, 0.265
7208.5
 - 2001.7, 0.212
7247.9
 - 3971, 0.1696
 - 3348.6, 0.2756
9261.63
 - 7247.9, 0.848
 - 7208.5, 0.0954
 - 5668.1, 0.954
 - 5204.5, 0.1484
 - 4769.8, 0.6784
 - 4636.7, 1.166
 - 4289.2, 0.4452
 - 4039.7, 2.438
 - 3770.2, 1.8656
 - 3766.8, 2.12
 - 3125.75, 9.5506
 - 3055.3, 0.2226
 - 2890.2, 4.24
 - 2828.2, 0.106
 - 1899.2, 13.1652
 - 776.68, 27.56
 - 749.01, 31.8
