834.879
 - 0, 79
1823.96
 - 834.879, 0.76
2619.69
 - 834.879, 10.14
 - 0, 0.42
2829.56
 - 834.879, 2.93
3074.06
 - 834.879, 10.7
 - 0, 0.12
3159.21
 - 1823.96, 0.06
3393.42
 - 834.879, 1.15
 - 0, 0.67
3436.88
 - 2619.69, 0.07
 - 834.879, 2.31
3719.99
 - 2829.56, 0.43
 - 2619.69, 0.64
 - 0, 3.69
3861.02
 - 2619.69, 0.78
 - 834.879, 0.47
3925.59
 - 3719.99, 0.05
 - 834.879, 0.3
3927.7
 - 0, 0.52
4012.87
 - 834.879, 1.4
4083.24
 - 2619.69, 0.07
 - 1823.96, 0.21
4127.08
 - 2619.69, 0.06
 - 834.879, 0.13
4217.56
 - 2619.69, 0.03
 - 1823.96, 0.1
 - 834.879, 0.11
4380.74
 - 834.879, 0.32
4633.57
 - 2829.56, 0.24
4872.36
 - 4127.08, 0.06
 - 3927.7, 0.03
 - 3925.59, 0.05
 - 3436.88, 0.23
 - 3074.06, 0.25
 - 0, 1.06
5189.62
 - 4083.24, 0.02
5226.22
 - 4380.74, 0.17
 - 3159.21, 0.04
5268.47
 - 3927.7, 0.12
 - 3436.88, 0.03
 - 834.879, 0.2
5294.47
 - 2829.56, 0.09
 - 2619.69, 0.2
 - 834.879, 0.38
5586.92
 - 4127.08, 0.04
 - 4083.24, 0.06
 - 2619.69, 0.17
 - 834.879, 0.18
5821.49
 - 3719.99, 0.1
5856.39
 - 834.879, 0.16
6143.59
 - 5294.47, 0.08
 - 3393.42, 0.05
6316.42
 - 4083.24, 0.07
9720.18
 - 6316.42, 0.17
 - 6143.59, 0.2
 - 5856.39, 0.39
 - 5821.49, 0.11
 - 5586.92, 0.48
 - 5294.47, 0.5
 - 5268.47, 0.45
 - 5226.22, 0.13
 - 5189.62, 0.19
 - 4872.36, 1.96
 - 4633.57, 0.23
 - 4380.74, 0.29
 - 4217.56, 0.13
 - 4083.24, 0.13
 - 4012.87, 1.35
 - 3927.7, 0.46
 - 3925.59, 0.17
 - 3861.02, 1.21
 - 3719.99, 4.49
 - 3436.88, 2.03
 - 3393.42, 1.19
 - 3074.06, 9.71
 - 2829.56, 2.35
 - 2619.69, 7.61
 - 834.879, 44.4
 - 0, 15.8
