26.516
 - 0, 18
110.428
 - 26.516, 10.9
 - 0, 0.036
212.004
 - 0, 10.6
215.057
 - 110.428, 8.4
 - 26.516, 1.8
 - 0, 0.88
335.509
 - 212.004, 0.33
 - 0, 0.85
340.957
 - 215.057, 0.033
 - 212.004, 0.077
 - 26.516, 9.4
 - 0, 0.59
454.305
 - 340.957, 0.049
 - 335.509, 0.24
 - 212.004, 0.07
 - 0, 2.9
486.251
 - 340.957, 0.016
 - 215.057, 5.7
 - 212.004, 0.46
 - 26.516, 1.6
 - 0, 0.21
716.121
 - 486.251, 0.38
 - 340.957, 0.83
 - 0, 0.74
840.38
 - 486.251, 0.62
 - 340.957, 0.25
 - 335.509, 0.61
2016.39
 - 0, 3.36
2071.39
 - 26.516, 2.1
2089.38
 - 26.516, 1.41
2158.97
 - 0, 0.25
2202.73
 - 26.516, 1.08
2255.24
 - 0, 0.21
2321.15
 - 110.428, 1.62
 - 26.516, 1.16
 - 0, 0.3
2395.89
 - 0, 0.29
2441.27
 - 110.428, 1.92
2545.65
 - 0, 0.055
2703.87
 - 26.516, 0.79
2872.17
 - 0, 0.17
3002.88
 - 212.004, 0.065
 - 26.516, 0.25
 - 0, 0.64
3047.34
 - 0, 0.37
3159.94
 - 0, 0.11
3166.39
 - 212.004, 0.28
3219.04
 - 26.516, 0.075
3263.82
 - 340.957, 0.34
 - 26.516, 0.045
3293.66
 - 26.516, 0.5
 - 0, 0.12
3486.23
 - 340.957, 0.25
3524.82
 - 0, 0.15
3696.77
 - 26.516, 0.15
 - 0, 0.12
3901.8
 - 0, 0.025
3927.25
 - 0, 0.44
3961.9
 - 0, 0.06
3998.56
 - 26.516, 0.23
4001.3
 - 0, 0.06
4132.1
 - 0, 0.065
4174.1
 - 0, 0.035
4195.1
 - 110.428, 0.04
4300.7
 - 212.004, 0.035
4417.1
 - 340.957, 0.015
4470
 - 0, 0.055
4739.6
 - 0, 0.07
4768.59
 - 0, 0.05
4799.33
 - 0, 0.07
4816.9
 - 0, 0.07
4820.6
 - 26.516, 0.095
4841.66
 - 0, 0.63
5129.75
 - 0, 0.15
5298.6
 - 0, 0.055
5313.9
 - 0, 0.085
5485.8
 - 0, 0.055
5564.2
 - 0, 0.03
5604.2
 - 110.428, 0.03
5652.1
 - 26.516, 0.02
5664.3
 - 26.516, 0.03
5712
 - 110.428, 0.045
5714.81
 - 0, 0.13
5734.2
 - 0, 0.015
5795.1
 - 0, 0.015
5956.8
 - 110.428, 0.03
7270.75
 - 4841.66, 0.4
 - 4799.33, 0.33
 - 0, 0.34
 - 3998.56, 0.32
 - 3696.77, 0.24
 - 3486.23, 0.32
 - 3263.82, 0.05
 - 3219.04, 0.13
 - 3166.39, 0.39
 - 3159.94, 0.35
 - 3047.34, 0.73
 - 3002.88, 0.69
 - 2872.17, 0.14
 - 2703.87, 1.94
 - 2545.65, 2.76
 - 2441.27, 1.25
 - 2395.89, 0.72
 - 2321.15, 2.02
 - 2255.24, 6.12
 - 2202.73, 2.73
 - 2158.97, 0.3
 - 2089.38, 3.79
 - 2071.39, 0.85
 - 2016.39, 1.24
 - 840.38, 0.73
 - 716.121, 0.19
 - 486.251, 3.42
 - 340.957, 2.34
 - 212.004, 11
 - 110.428, 5.96
 - 26.516, 12.3
 - 0, 3.5
