287.028
 - 0, 59
472.85
 - 0, 1.54
568.76
 - 287.028, 0.38
 - 0, 0.55
570.9
 - 0, 4.9
613.05
 - 0, 0.2
642.8
 - 0, 0.09
726.45
 - 287.028, 0.75
 - 0, 20.2
1077.82
 - 613.05, 0.23
1162.11
 - 570.9, 3.26
 - 472.85, 0.1
 - 287.028, 0.95
 - 0, 0.48
1211.37
 - 0, 1.95
1569.9
 - 0, 0.7
1749.9
 - 1211.37, 0.04
 - 0, 0.08
1918.94
 - 1162.11, 0.25
 - 1077.82, 0.77
 - 726.45, 0.73
 - 0, 5.69
1961.99
 - 726.45, 2.36
 - 613.05, 0.23
 - 0, 0.84
2162.1
 - 613.05, 0.07
2277.9
 - 726.45, 0.06
 - 0, 0.05
2321.06
 - 0, 0.28
2348.3
 - 1211.37, 0.16
2447.3
 - 1749.9, 0.42
 - 726.45, 0.72
 - 287.028, 2.31
 - 0, 0.25
2493.7
 - 0, 0.05
2569.6
 - 613.05, 0.15
2757.04
 - 1211.37, 0.08
2810.24
 - 1749.9, 0.1
 - 1211.37, 0.59
 - 0, 0.11
 - 726.45, 0.19
3070.5
 - 642.8, 0.06
 - 0, 0.1
3104.4
 - 2493.7, 0.35
 - 2277.9, 0.07
 - 570.9, 0.24
3159.63
 - 287.028, 0.3
3239.88
 - 0, 1
3384.55
 - 2757.04, 0.1
 - 287.028, 0.07
6581.01
 - 3384.55, 0.1
 - 3239.88, 1.06
 - 3159.63, 0.06
 - 3104.4, 0.06
 - 0, 0.04
 - 2810.24, 0.33
 - 2757.04, 0.13
 - 2569.6, 0.71
 - 2447.3, 3.58
 - 2321.06, 0.39
 - 2162.1, 0.49
 - 1961.99, 3.4
 - 1918.94, 8.2
 - 1569.9, 0.37
 - 1211.37, 0.33
 - 1162.11, 7.1
 - 726.45, 14.9
 - 568.76, 0.54
 - 287.028, 47
 - 0, 3.4
