810.55
 - 0, 66
1674.3
 - 810.55, 18.1
 - 0, 13.8
2133.5
 - 1674.3, 0.39
 - 810.55, 1.1
2257
 - 810.55, 3.5
2781.77
 - 2257, 1.2
 - 1674.3, 3.4
 - 810.55, 7.3
 - 0, 3.4
2876.05
 - 810.55, 6.3
3083.7
 - 810.55, 13
3244.2
 - 810.55, 2
3537.2
 - 1674.3, 1.6
 - 810.55, 7.2
 - 0, 1.8
3630
 - 810.55, 1.9
3879.9
 - 2781.77, 0.4
 - 810.55, 1.6
 - 0, 1.4
4139.3
 - 0, 2.4
4297.6
 - 810.55, 1
 - 0, 1
4322.3
 - 3083.7, 0.2
 - 2876.05, 3.5
 - 0, 2.1
4444.1
 - 2781.77, 0.9
 - 0, 0.7
4550.3
 - 4139.3, 0.08
 - 3244.2, 0.8
 - 2876.05, 3.8
 - 1674.3, 5.7
 - 810.55, 0.3
5000.4
 - 1674.3, 5.7
 - 810.55, 0.3
 - 0, 1.5
5220.8
 - 3083.7, 0.7
 - 810.55, 0.5
 - 0, 0.6
5294.6
 - 2781.77, 1.6
 - 2133.5, 1.4
 - 810.55, 0.5
5417.5
 - 0, 0.3
 - 0, 0.8
5522.9
 - 810.55, 0.6
10044.2
 - 5522.9, 0.8
 - 5417.5, 3.3
 - 5294.6, 3
 - 5220.8, 2.4
 - 5000.4, 10.7
 - 4550.3, 10.9
 - 4444.1, 1.1
 - 4322.3, 2.5
 - 4297.6, 2.4
 - 4139.3, 2.5
 - 3879.9, 3.3
 - 3630, 1.6
 - 3537.2, 6.8
 - 3083.7, 10.5
 - 0, 0.6
 - 2781.77, 11.4
 - 1674.3, 11.8
 - 810.55, 2.2
 - 0, 2.7
