58.545
 - 0, 48
277.173
 - 0, 13.96
288.367
 - 58.545, 15.18
435.72
 - 277.173, 2.438
 - 0, 1.56
506.19
 - 288.367, 0.037
 - 58.545, 7
542.784
 - 288.367, 2.75
 - 58.545, 1.69
614.518
 - 277.173, 0.44
 - 58.545, 11.97
738.751
 - 542.784, 0.419
 - 58.545, 0.593
785.7
 - 614.518, 0.123
 - 435.72, 0.231
 - 288.367, 4.46
 - 0, 5.33
1003.87
 - 542.784, 1.073
 - 288.367, 0.098
 - 277.173, 0.983
 - 58.545, 2.04
1005.76
 - 785.7, 0.082
 - 614.518, 2.29
 - 288.367, 1.792
 - 0, 0.282
1132.1
 - 738.751, 0.203
1150.68
 - 288.367, 0.172
1207.8
 - 277.173, 0.906
 - 0, 0.36
1216.34
 - 0, 0.5
1216.84
 - 506.19, 1.435
 - 288.367, 0.341
1341.82
 - 542.784, 0.257
 - 58.545, 0.476
 - 0, 0.032
1379.78
 - 1207.8, 0.072
 - 435.72, 0.383
1380.94
 - 277.173, 0.618
1451.17
 - 785.7, 0.158
 - 542.784, 0.223
1508.3
 - 506.19, 0.136
1515.78
 - 614.518, 0.948
 - 277.173, 0.666
 - 0, 5.55
1565.9
 - 1341.82, 0.22
 - 288.367, 0.417
 - 58.545, 1.48
1639.84
 - 785.7, 0.39
 - 277.173, 0.17
1686.18
 - 738.751, 0.229
1709.58
 - 58.545, 0.129
1749.25
 - 785.7, 0.396
 - 542.784, 0.25
 - 277.173, 0.683
 - 58.545, 0.73
1787.56
 - 1005.76, 0.4
 - 0, 0.17
1799.91
 - 0, 0.9
1808.8
 - 0, 0.4
1830.86
 - 277.173, 0.389
 - 0, 5.5
1833.19
 - 58.545, 0.93
1852.71
 - 0, 1.41
1877.14
 - 614.518, 0.1
 - 58.545, 0.58
1888.87
 - 1005.76, 0.167
 - 614.518, 0.457
 - 0, 0.228
1924.19
 - 277.173, 0.074
1981.16
 - 288.367, 0.69
1983.68
 - 1808.8, 0.494
2032.59
 - 1207.8, 0.077
2045.43
 - 1207.8, 0.047
 - 506.19, 0.088
2080.89
 - 58.545, 0.224
2121.76
 - 1003.87, 0.261
 - 0, 0.071
2133.43
 - 288.367, 0.297
 - 58.545, 0.427
2151.79
 - 1005.76, 0.046
2183.05
 - 1565.9, 0.127
2221.55
 - 1005.76, 0.7
 - 0, 0.74
2230.4
 - 58.545, 0.254
2274.65
 - 288.367, 0.155
2279.8
 - 0, 0.3
2310.14
 - 277.173, 1.19
2323.91
 - 58.545, 0.082
2341.83
 - 785.7, 0.279
2351.85
 - 1216.84, 0.08
 - 542.784, 0.31
2423.18
 - 1003.87, 0.229
2431
 - 2133.43, 0.231
 - 0, 0.131
2451.05
 - 2080.89, 0.095
2469.72
 - 0, 0.124
2488.68
 - 1216.84, 0.121
 - 506.19, 0.144
 - 277.173, 0.042
 - 0, 0.15
2528.68
 - 1799.91, 0.398
 - 288.367, 0.045
2560.14
 - 58.545, 0.123
2569.84
 - 506.19, 0.205
 - 288.367, 0.42
 - 0, 0.53
2585.72
 - 2351.85, 0.068
 - 1515.78, 0.093
 - 58.545, 0.46
2598.09
 - 288.367, 0.299
2607.3
 - 0, 0.52
2621.88
 - 2032.59, 0.061
2655.78
 - 1150.68, 0.13
2685.43
 - 435.72, 0.112
2709.98
 - 506.19, 0.129
2760.78
 - 288.367, 0.09
2768.17
 - 506.19, 0.085
 - 0, 0.118
2771.56
 - 1132.1, 0.112
2785.76
 - 58.545, 1.53
2801.36
 - 0, 0.154
2825.64
 - 506.19, 0.311
2845.13
 - 1686.18, 0.055
 - 506.19, 0.123
2867.78
 - 738.751, 0.157
 - 506.19, 0.129
2884.9
 - 785.7, 0.337
 - 0, 0.292
2901.75
 - 2121.76, 0.158
2920.4
 - 288.367, 0.097
 - 58.545, 0.13
2936.38
 - 1709.58, 0.244
2963.12
 - 2431, 0.145
2996.8
 - 542.784, 0.126
3009.85
 - 1833.19, 0.031
3022.24
 - 1639.84, 0.168
 - 277.173, 0.085
3047.2
 - 288.367, 0.104
3064.7
 - 435.72, 0.128
 - 58.545, 0.184
3077.02
 - 435.72, 0.17
3084.61
 - 0, 0.087
3096.19
 - 738.751, 0.52
3114.7
 - 277.173, 0.16
3121.42
 - 288.367, 0.07
 - 0, 0.158
3132.1
 - 785.7, 0.045
3141.44
 - 1216.84, 0.166
3155.41
 - 288.367, 0.12
 - 58.545, 0.285
 - 0, 0.065
3162.85
 - 2560.14, 0.3
3186.3
 - 58.545, 0.172
3203.23
 - 2230.4, 0.214
 - 277.173, 0.38
3216.26
 - 0, 0.48
3279.31
 - 2032.59, 0.13
3283.88
 - 506.19, 0.204
 - 288.367, 0.266
 - 0, 0.28
3336.36
 - 435.72, 0.158
 - 288.367, 0.186
3342.99
 - 785.7, 0.199
3415.64
 - 2080.89, 0.365
3459.34
 - 58.545, 0.183
3465.26
 - 1787.56, 0.088
3514.88
 - 2685.43, 0.111
 - 0, 0.068
3562.08
 - 2469.72, 0.859
 - 58.545, 0.117
3588.98
 - 1749.25, 0.189
3595.01
 - 1983.68, 0.054
 - 1808.8, 0.32
3650.54
 - 1216.34, 0.108
3696.79
 - 2151.79, 0.177
3742.65
 - 1833.19, 0.05
 - 1808.8, 0.261
 - 288.367, 0.218
3798.19
 - 1639.84, 0.154
 - 506.19, 0.073
3827.64
 - 2768.17, 0.09
 - 506.19, 0.132
3872
 - 542.784, 0.11
3915.7
 - 506.19, 0.066
 - 277.173, 0.026
3929.5
 - 1207.8, 0.04
4012.05
 - 2936.38, 0.17
4100.83
 - 3132.1, 0.044
 - 277.173, 0.208
 - 58.545, 0.054
4111.68
 - 0, 0.11
4194.1
 - 542.784, 0.091
 - 435.72, 0.125
4212.6
 - 542.784, 0.098
4253.69
 - 1005.76, 0.191
4269.96
 - 1787.56, 0.133
4291.9
 - 3096.19, 0.128
 - 614.518, 0.331
4298.18
 - 1508.3, 0.167
4513.92
 - 3084.61, 0.141
 - 1852.71, 0.092
4538.1
 - 0, 0.08
4600.83
 - 785.7, 0.279
 - 288.367, 0.13
4752.32
 - 2351.85, 0.133
 - 785.7, 0.7
 - 506.19, 0.041
4799.82
 - 2801.36, 0.178
 - 1451.17, 0.079
 - 0, 0.072
4811.26
 - 1508.3, 0.135
4875.28
 - 1380.94, 0.11
7491.92
 - 4875.28, 0.203
 - 4811.26, 0.238
 - 4799.82, 0.206
 - 4752.32, 0.31
 - 4600.83, 0.131
 - 4538.1, 0.205
 - 4513.92, 0.266
 - 4298.18, 0.327
 - 4291.9, 0.129
 - 4269.96, 0.069
 - 4253.69, 0.192
 - 4212.6, 0.15
 - 4194.1, 0.091
 - 4111.68, 0.7
 - 4100.83, 0.129
 - 4012.05, 0.158
 - 3929.5, 0.159
 - 3915.7, 0.157
 - 3872, 0.193
 - 3827.64, 0.225
 - 3798.19, 0.201
 - 3742.65, 1.39
 - 3696.79, 0.118
 - 3650.54, 0.375
 - 3595.01, 0.246
 - 3588.98, 0.188
 - 3562.08, 0.9
 - 3514.88, 0.213
 - 3465.26, 0.83
 - 3459.34, 0.67
 - 3415.64, 0.176
 - 3342.99, 0.2
 - 3336.36, 0.44
 - 3283.88, 0.75
 - 3279.31, 0.273
 - 3216.26, 0.183
 - 3203.23, 0.098
 - 3186.3, 0.016
 - 3162.85, 0.31
 - 3155.41, 0.102
 - 3141.44, 0.319
 - 3121.42, 0.232
 - 3114.7, 0.35
 - 3096.19, 0.286
 - 3077.02, 0.072
 - 3064.7, 0.029
 - 3047.2, 0.09
 - 3022.24, 0.194
 - 3009.85, 0.118
 - 2963.12, 0.182
 - 2901.75, 0.13
 - 2884.9, 0.84
 - 2867.78, 0.304
 - 2845.13, 0.241
 - 2825.64, 0.249
 - 2785.76, 0.359
 - 2771.56, 0.141
 - 2760.78, 0.251
 - 2709.98, 0.12
 - 2655.78, 0.108
 - 2621.88, 0.11
 - 2607.3, 0.712
 - 2598.09, 0.614
 - 2585.72, 1.7
 - 2569.84, 0.92
 - 2528.68, 0.191
 - 2488.68, 0.726
 - 2451.05, 0.238
 - 2431, 0.041
 - 2423.18, 0.315
 - 2351.85, 0.087
 - 2341.83, 0.14
 - 2323.91, 0.276
 - 2310.14, 2.67
 - 2279.8, 0.21
 - 2274.65, 0.16
 - 2221.55, 1.05
 - 2183.05, 0.127
 - 2133.43, 0.444
 - 2121.76, 0.5
 - 2080.89, 0.031
 - 2045.43, 0.09
 - 1981.16, 0.495
 - 1924.19, 0.099
 - 1888.87, 1.18
 - 1877.14, 1.04
 - 1852.71, 0.96
 - 1830.86, 7.14
 - 1787.56, 0.469
 - 1749.25, 2.17
 - 1709.58, 0.049
 - 1639.84, 0.291
 - 1565.9, 1.81
 - 1515.78, 6.9
 - 1451.17, 0.524
 - 1380.94, 0.543
 - 1341.82, 0.466
 - 1216.84, 0.644
 - 1207.8, 0.605
 - 1150.68, 0.08
 - 1132.1, 0.03
 - 1005.76, 6.25
 - 785.7, 7.54
 - 614.518, 8.42
 - 542.784, 0.686
 - 506.19, 2.76
 - 435.72, 1.76
 - 288.367, 0.85
 - 277.173, 3.7
 - 58.545, 0.218
 - 0, 2.88
