1345.78
 - 0, 57
2276.58
 - 1345.78, 10.9
2867.35
 - 1345.78, 0.42
2972.11
 - 1345.78, 0.4
 - 0, 0.28
3025.85
 - 2276.58, 1.12
 - 1345.78, 24
3153.73
 - 2276.58, 0.8
 - 1345.78, 0.83
 - 0, 1.1
3275.99
 - 1345.78, 0.21
 - 0, 0.65
3463.63
 - 3153.73, 0.11
 - 2972.11, 0.025
 - 2276.58, 2.5
 - 1345.78, 0.49
3578.61
 - 1345.78, 1.04
 - 0, 0.317
3647.98
 - 1345.78, 0.58
 - 0, 0.312
3749.01
 - 1345.78, 0.54
 - 0, 0.16
4268.26
 - 3153.73, 1.08
 - 1345.78, 0.117
4573.15
 - 1345.78, 0.61
 - 0, 0.304
4615.6
 - 2276.58, 0.34
 - 0, 0.456
4640.68
 - 1345.78, 0.429
 - 0, 0.62
4704.09
 - 2276.58, 0.37
 - 1345.78, 0.59
4868.53
 - 1345.78, 4.35
 - 0, 0.149
5155.52
 - 2276.58, 0.146
 - 1345.78, 0.176
5418.22
 - 1345.78, 0.149
 - 0, 0.143
5768.67
 - 2276.58, 0.22
 - 1345.78, 0.269
9657.66
 - 5768.67, 0.9
 - 5418.22, 0.351
 - 5155.52, 0.38
 - 4868.53, 4.61
 - 4704.09, 1.19
 - 4640.68, 1.13
 - 4615.6, 0.74
 - 4573.15, 1.02
 - 4268.26, 1.31
 - 3749.01, 0.402
 - 3647.98, 0.6
 - 3463.63, 2.55
 - 3275.99, 0.378
 - 3153.73, 0.204
 - 3025.85, 21.6
 - 2276.58, 2.45
 - 1345.78, 5.6
 - 0, 46
