159.282
 - 0, 15
278.257
 - 0, 24
343.898
 - 159.282, 0.19
 - 0, 5.9
362.231
 - 159.282, 4.9
 - 0, 0.116
574.629
 - 362.231, 1.04
608.784
 - 343.898, 0.81
 - 278.257, 0.25
 - 159.282, 1.07
 - 0, 7.8
663
 - 343.898, 0.3
 - 278.257, 1.52
 - 159.282, 1.6
 - 0, 2.03
739.051
 - 362.231, 0.7
 - 343.898, 0.106
 - 278.257, 0.377
 - 159.282, 2.48
 - 0, 0.267
746.245
 - 278.257, 1.81
878.277
 - 343.898, 0.72
 - 0, 1.016
895.714
 - 574.629, 0.18
 - 278.257, 0.742
 - 159.282, 0.075
927.079
 - 278.257, 2.86
 - 159.282, 0.679
 - 0, 0.331
1241.09
 - 746.245, 0.66
 - 608.784, 0.255
 - 278.257, 0.426
 - 159.282, 0.321
1242.65
 - 0, 0.5
1287.15
 - 362.231, 0.17
1298.12
 - 159.282, 0.823
 - 0, 0.408
1320.33
 - 0, 0.732
1354.25
 - 574.629, 0.099
 - 362.231, 0.085
 - 159.282, 0.291
 - 0, 0.052
1438.69
 - 663, 0.018
 - 362.231, 0.275
 - 159.282, 0.194
 - 0, 0.133
1461.35
 - 895.714, 0.06
1499.18
 - 278.257, 0.205
 - 159.282, 0.226
 - 0, 0.143
1521.15
 - 663, 0.107
 - 608.784, 0.097
 - 343.898, 0.033
 - 159.282, 0.467
 - 0, 0.396
1550.54
 - 159.282, 0.077
1594.23
 - 574.629, 0.39
1594.32
 - 362.231, 0.307
 - 0, 0.122
1607.31
 - 574.629, 0.043
1683.12
 - 0, 0.476
1700.65
 - 878.277, 0.104
 - 159.282, 0.053
1739.85
 - 574.629, 0.12
1742.59
 - 895.714, 0.123
 - 343.898, 0.083
 - 0, 0.089
1768.99
 - 362.231, 0.089
1779.54
 - 362.231, 0.27
 - 343.898, 0.021
1852.65
 - 343.898, 0.115
 - 0, 0.418
1900.28
 - 0, 0.241
1905.09
 - 895.714, 0.186
 - 746.245, 0.747
1976.33
 - 574.629, 0.079
2050
 - 1354.25, 0.059
 - 746.245, 0.066
2092.26
 - 362.231, 0.079
2144.53
 - 1852.65, 0.055
 - 663, 0.06
 - 608.784, 0.053
 - 574.629, 0.045
 - 362.231, 0.197
2254.06
 - 343.898, 0.08
2267.01
 - 362.231, 0.19
2274.27
 - 1320.33, 0.118
 - 343.898, 0.033
2279.75
 - 608.784, 0.163
2301.09
 - 159.282, 0.259
2316.49
 - 343.898, 0.175
2354.62
 - 1607.31, 0.112
2360.47
 - 1241.09, 0.036
2376.41
 - 1594.23, 0.051
 - 746.245, 0.051
2387.95
 - 746.245, 0.053
2456.69
 - 895.714, 0.114
2465.47
 - 0, 0.128
2493.57
 - 663, 0.089
 - 574.629, 0.1
2497.59
 - 1683.12, 0.225
 - 1607.31, 0.161
 - 1499.18, 0.207
 - 878.277, 0.245
 - 663, 0.083
 - 343.898, 0.302
2533.65
 - 0, 0.139
2635.53
 - 2387.95, 0.33
2647.91
 - 1320.33, 0.067
2657.34
 - 1683.12, 0.138
 - 895.714, 0.083
 - 159.282, 0.82
 - 0, 0.2
2695.22
 - 895.714, 0.127
2717.97
 - 927.079, 0.041
2726.19
 - 2533.65, 0.177
 - 1768.99, 0.147
 - 1438.69, 0.035
 - 1298.12, 0.058
 - 1241.09, 0.045
2732.32
 - 608.784, 0.085
 - 0, 0.24
2764.19
 - 159.282, 0.12
2776.56
 - 739.051, 0.169
 - 362.231, 0.077
 - 0, 0.11
2830.54
 - 1354.25, 0.179
 - 0, 0.115
2892.35
 - 2267.01, 0.147
 - 1242.65, 0.083
2896.84
 - 2456.69, 0.069
 - 2092.26, 0.048
 - 1768.99, 0.236
2932.48
 - 0, 0.272
3013.07
 - 1438.69, 0.223
 - 0, 0.04
3033.76
 - 1739.85, 0.069
3051.77
 - 1242.65, 0.036
 - 0, 0.21
3080.84
 - 2497.59, 0.14
 - 2493.57, 0.041
3111.82
 - 2896.84, 0.31
 - 0, 0.078
3191.07
 - 2254.06, 0.127
3207.59
 - 2376.41, 0.243
 - 927.079, 0.13
3257.61
 - 1700.65, 0.099
 - 0, 0.243
3313.11
 - 3051.77, 0.264
 - 0, 0.2
3343.92
 - 1499.18, 0.049
 - 343.898, 0.057
3352.84
 - 2717.97, 0.089
 - 1905.09, 0.193
 - 278.257, 0.072
3412.19
 - 278.257, 0.12
 - 159.282, 0.135
3440.28
 - 2493.57, 0.188
3465.57
 - 2932.48, 0.17
 - 2267.01, 0.069
3475.52
 - 663, 0.06
 - 159.282, 0.29
3493.37
 - 608.784, 0.099
3511.19
 - 739.051, 0.183
 - 278.257, 0.066
 - 0, 0.123
3524.7
 - 2274.27, 0.088
3596.04
 - 2354.62, 0.55
 - 2279.75, 0.108
3603.09
 - 878.277, 0.09
 - 608.784, 0.216
 - 0, 0.056
3629.42
 - 2732.32, 0.286
3711.92
 - 159.282, 0.08
3783.14
 - 1700.65, 0.137
 - 878.277, 0.025
 - 159.282, 0.088
3802.74
 - 1976.33, 0.024
 - 663, 0.157
 - 0, 0.096
3826.92
 - 1461.35, 0.155
 - 362.231, 0.26
 - 159.282, 0.081
3990.85
 - 362.231, 0.166
 - 278.257, 0.055
4034.03
 - 1742.59, 0.318
 - 927.079, 0.07
 - 159.282, 0.09
 - 0, 0.098
4071.59
 - 1499.18, 0.214
 - 895.714, 0.154
 - 343.898, 0.035
 - 159.282, 0.094
4140.83
 - 3080.84, 0.086
 - 663, 0.103
4264.15
 - 1241.09, 0.101
 - 878.277, 0.173
4327.67
 - 3191.07, 0.181
 - 895.714, 0.159
 - 608.784, 0.056
4432.92
 - 1594.32, 0.14
 - 1287.15, 0.117
 - 927.079, 0.07
4444.48
 - 663, 0.069
 - 278.257, 0.051
 - 0, 0.251
4549.86
 - 3475.52, 0.068
4763.39
 - 3802.74, 0.18
 - 1320.33, 0.094
 - 1242.65, 0.172
7916.42
 - 4763.39, 0.278
 - 4549.86, 0.144
 - 4444.48, 0.183
 - 4432.92, 0.115
 - 4327.67, 0.34
 - 4264.15, 0.062
 - 4140.83, 0.202
 - 4071.59, 0.49
 - 4034.03, 0.146
 - 3826.92, 0.254
 - 3783.14, 0.381
 - 3711.92, 0.254
 - 3629.42, 0.337
 - 3603.09, 0.28
 - 3596.04, 1.35
 - 3524.7, 0.133
 - 3511.19, 0.304
 - 3493.37, 0.14
 - 3475.52, 0.195
 - 3465.57, 0.172
 - 3440.28, 0.478
 - 3412.19, 0.487
 - 3352.84, 0.313
 - 3343.92, 0.1
 - 3313.11, 0.543
 - 3257.61, 0.77
 - 3207.59, 0.085
 - 3111.82, 0.119
 - 3080.84, 0.03
 - 3033.76, 0.039
 - 3013.07, 0.151
 - 2932.48, 0.202
 - 2896.84, 0.19
 - 2892.35, 0.183
 - 2830.54, 0.328
 - 2776.56, 0.179
 - 2764.19, 0.269
 - 2732.32, 0.366
 - 2726.19, 0.668
 - 2657.34, 1.031
 - 2647.91, 0.08
 - 2635.53, 0.25
 - 0, 0.011
 - 2497.59, 1.85
 - 2465.47, 0.158
 - 2387.95, 0.124
 - 2360.47, 0.274
 - 2316.49, 0.097
 - 2301.09, 0.494
 - 2279.75, 0.41
 - 2144.53, 0.509
 - 2092.26, 0.3
 - 2050, 0.144
 - 1905.09, 1.59
 - 1900.28, 0.229
 - 1852.65, 0.607
 - 1779.54, 0.197
 - 1683.12, 0.109
 - 1607.31, 0.167
 - 1594.32, 0.361
 - 1550.54, 0.106
 - 1521.15, 1.392
 - 1499.18, 0.095
 - 1438.69, 0.172
 - 1320.33, 0.631
 - 1298.12, 1.13
 - 1287.15, 0.099
 - 1241.09, 1.99
 - 927.079, 3.51
 - 878.277, 0.388
 - 746.245, 0.303
 - 739.051, 2.56
 - 663, 4.15
 - 608.784, 8.96
 - 362.231, 0.084
 - 343.898, 1.74
 - 278.257, 16.2
 - 159.282, 1.58
 - 0, 33.1
