128.81
 - 0, 0.8
197.94
 - 0, 13.7
208.46
 - 128.81, 2.4
228.86
 - 0, 4.1
248.94
 - 0, 11.8
282.57
 - 128.81, 3
330.06
 - 197.94, 1.4
392.53
 - 282.57, 1.6
 - 208.46, 9.8
 - 197.94, 10.6
408.16
 - 197.94, 1.8
 - 0, 1.4
512.97
 - 248.94, 2.2
 - 128.81, 0.4
514.74
 - 208.46, 1.4
564.34
 - 248.94, 1.4
 - 208.46, 0.35
 - 0, 0.55
600.76
 - 282.57, 0.4
 - 248.94, 0.25
 - 197.94, 1.2
619.65
 - 228.86, 3.6
 - 208.46, 1.8
 - 0, 0.5
636.04
 - 330.06, 1.4
 - 282.57, 0.35
737.75
 - 248.94, 1.6
 - 128.81, 0.15
741.32
 - 330.06, 1.8
 - 282.57, 0.9
 - 208.46, 0.2
6520.1
 - 741.32, 2.1
 - 636.04, 0.89
 - 619.65, 1.52
 - 600.76, 1.26
 - 564.34, 0.3
 - 512.97, 5
 - 408.16, 4.7
 - 392.53, 1.9
 - 330.06, 1.29
 - 282.57, 0.27
 - 248.94, 0.09
 - 228.86, 0.11
 - 208.46, 1.6
 - 197.94, 1.25
 - 128.81, 0.2
 - 0, 1.55
