508.94
 - 0, 75
651.02
 - 0, 16
691.16
 - 0, 48
878.7
 - 691.16, 31
995.1
 - 0, 2.2
1009.6
 - 691.16, 18
1024.9
 - 651.02, 6.6
 - 508.94, 0.5
1140
 - 508.94, 2.5
 - 0, 5
1200.4
 - 0, 1.1
 - 508.94, 48
 - 0, 2.6
1263.4
 - 651.02, 1.1
 - 508.94, 2
1307.5
 - 508.94, 1.6
1312.3
 - 0, 3
1359.2
 - 0, 4.8
 - 508.94, 1.3
 - 0, 1.7
1414.3
 - 508.94, 0.6
1448.9
 - 651.02, 1.6
1457.1
 - 508.94, 0.7
 - 0, 1.7
1518.6
 - 691.16, 0.7
 - 0, 2.2
1533.3
 - 1140, 13
 - 1024.9, 75
 - 0, 1.3
1555.2
 - 995.1, 0.6
 - 651.02, 0.6
 - 0, 1.9
1691.7
 - 1263.4, 2.9
 - 0, 1.3
1720.8
 - 1359.2, 2.2
1726.3
 - 0, 1.5
1794.3
 - 0, 0.8
1866.2
 - 0, 1.1
1906.8
 - 0, 1.3
1930.5
 - 0, 0.9
2115.4
 - 0, 1.4
2142.8
 - 0, 1.3
2164.5
 - 0, 0.6
2409.8
 - 0, 0.3
2464.7
 - 0, 0.6
2698.1
 - 0, 0.4
7653.9
 - 2698.1, 2.2
 - 2464.7, 0.82
 - 2409.8, 0.18
 - 2164.5, 3
 - 2142.8, 0.74
 - 2115.4, 1.24
 - 1930.5, 0.78
 - 1906.8, 1.36
 - 1866.2, 0.13
 - 1794.3, 0.47
 - 1726.3, 0.84
 - 1720.8, 0.31
 - 1691.7, 0.29
 - 1555.2, 0.99
 - 1533.3, 0.99
 - 1518.6, 1.28
 - 1457.1, 0.81
 - 0, 0.68
 - 1414.3, 0.55
 - 1359.2, 0.63
 - 1312.3, 0.95
 - 1307.5, 1.9
 - 1263.4, 4.9
 - 0, 0.36
 - 1140, 4
 - 1024.9, 0.61
 - 995.1, 0.66
 - 691.16, 0.3
 - 651.02, 2.6
 - 0, 0.2
 - 0, 0.6
