174.976
 - 0, 25
499.867
 - 0, 24.1
525.17
 - 174.976, 1.02
708.151
 - 174.976, 0.5
 - 0, 12.5
747.22
 - 499.867, 1.88
 - 174.976, 2.24
 - 0, 1.3
808.14
 - 499.867, 1.56
 - 0, 4.6
831.315
 - 525.17, 1.97
 - 499.867, 1.6
 - 0, 6.7
1026.61
 - 747.22, 0.15
 - 499.867, 1.21
 - 174.976, 1.05
 - 0, 0.35
1095.44
 - 174.976, 0.91
 - 0, 7.5
1139.26
 - 499.867, 0.92
 - 0, 6.6
1205.13
 - 831.315, 0.29
1288.43
 - 708.151, 0.91
 - 499.867, 1.71
1298.68
 - 499.867, 0.99
 - 0, 7
1349.12
 - 831.315, 1.74
 - 525.17, 0.44
 - 0, 0.43
1378.75
 - 1095.44, 1.34
 - 174.976, 0.5
 - 0, 2.15
1416.2
 - 499.867, 0.99
 - 0, 0.73
1542.52
 - 525.17, 1.42
1558.9
 - 525.17, 0.68
1598.47
 - 499.867, 2.52
 - 174.976, 0.53
 - 0, 0.69
1631.2
 - 747.22, 1.46
 - 0, 2.52
1743.51
 - 808.14, 1.07
 - 0, 0.68
1793
 - 1349.12, 1.37
 - 174.976, 0.23
1836.03
 - 1378.75, 1.37
1940.61
 - 1378.75, 1.1
 - 0, 0.68
1964.99
 - 0, 1.71
2031.85
 - 0, 1.18
2224.45
 - 0, 0.52
2256.96
 - 0, 0.76
2351.49
 - 0, 1.6
7415.91
 - 0, 0.41
 - 2351.49, 1.04
 - 2256.96, 0.87
 - 2224.45, 0.71
 - 2031.85, 1.62
 - 1964.99, 3.5
 - 1743.51, 0.45
 - 1598.47, 3.49
 - 1542.52, 0.36
 - 1378.75, 5.5
 - 1298.68, 5.3
 - 1139.26, 2.62
 - 1095.44, 1.86
 - 831.315, 1.1
 - 808.14, 0.2
 - 708.151, 4.8
 - 499.867, 3.83
 - 0, 1.95
