159.69
 - 0, 13.5525
224.9
 - 0, 0.4947
421.4
 - 0, 15.5295
492.03
 - 159.69, 0.1938
 - 0, 1.938
504.65
 - 421.4, 1.5606
 - 224.9, 0.2091
 - 0, 4.2585
618.87
 - 492.03, 0.06375
 - 421.4, 0.31875
 - 159.69, 3.366
 - 0, 0.4182
629.64
 - 159.69, 8.7465
760.38
 - 504.65, 0.0918
 - 224.9, 0.21675
 - 0, 0.102
884.03
 - 0, 1.275
910.67
 - 618.87, 0.04845
 - 492.03, 0.2142
1021.55
 - 629.64, 1.989
 - 618.87, 1.03275
 - 159.69, 13.107
1048.05
 - 618.87, 0.16575
 - 159.69, 3.8505
1052.67
 - 629.64, 0.714
1246.97
 - 421.4, 0.76245
 - 159.69, 2.193
1359.34
 - 618.87, 0.3672
1385.18
 - 760.38, 0.09435
 - 629.64, 0.1836
 - 618.87, 0.09435
 - 504.65, 0.17595
 - 492.03, 0.30855
 - 421.4, 0.0612
1535.32
 - 1048.05, 0.10965
 - 421.4, 1.02
1663.74
 - 1021.55, 0.102
 - 421.4, 0.612
 - 159.69, 0.2295
1775.33
 - 629.64, 0.4335
 - 421.4, 1.5453
1834.95
 - 618.87, 0.52785
1879.25
 - 1048.05, 2.8305
 - 629.64, 2.7285
 - 421.4, 4.4115
 - 159.69, 0.2805
1901.07
 - 159.69, 0.3876
1951.66
 - 884.03, 0.2601
 - 504.65, 0.26775
2063.23
 - 504.65, 2.346
 - 492.03, 0.1275
 - 421.4, 1.4739
 - 159.69, 0.816
2118.79
 - 421.4, 0.2754
2178.06
 - 504.65, 0.816
 - 421.4, 1.02
2195.19
 - 1052.67, 0.2499
 - 1048.05, 0.357
 - 1021.55, 0.28305
 - 159.69, 0.27285
2368.34
 - 1052.67, 0.408
 - 159.69, 0.306
2506.78
 - 629.64, 0.459
2814.27
 - 629.64, 0.3519
3287.1
 - 504.65, 0.765
6071.41
 - 3287.1, 0.3315
 - 2506.78, 0.6681
 - 2368.34, 1.122
 - 2195.19, 1.2036
 - 2178.06, 1.734
 - 2118.79, 0.31875
 - 2063.23, 5.355
 - 1951.66, 0.4845
 - 1901.07, 0.1377
 - 1879.25, 9.8175
 - 1834.95, 1.0557
 - 1775.33, 1.785
 - 1663.74, 0.62475
 - 1535.32, 0.9945
 - 1246.97, 1.428
 - 1052.67, 0.13515
 - 1021.55, 14.28
 - 629.64, 0.0765
 - 421.4, 0.4947
 - 159.69, 25.5
