559.102
 - 0, 2.2
1122.28
 - 559.102, 0.0792
1216.15
 - 559.102, 0.66
 - 0, 0.484
1330.86
 - 559.102, 0.55
1688.96
 - 1330.86, 0.01012
 - 1216.15, 0.077
 - 559.102, 0.2772
1787.65
 - 1330.86, 0.0044
 - 1216.15, 0.01254
 - 1122.28, 0.0484
 - 559.102, 0.1782
 - 0, 0.0462
2025.99
 - 1330.86, 0.0484
 - 1216.15, 0.1166
2127.21
 - 1787.65, 0.011
 - 1688.96, 0.01826
 - 1330.86, 0.01276
 - 559.102, 0.0682
2170.55
 - 1787.65, 0.00484
 - 1216.15, 0.066
 - 559.102, 0.0198
2362.95
 - 1787.65, 0.022
 - 1330.86, 0.0044
2429.09
 - 2025.99, 0.00374
 - 1688.96, 0.02486
 - 1216.15, 0.275
2514.66
 - 1787.65, 0.044
2655.1
 - 559.102, 0.044
2669.75
 - 1787.65, 0.0176
 - 1688.96, 0.01848
 - 1216.15, 0.0308
 - 559.102, 0.066
2812.38
 - 1216.15, 0.0506
2824.76
 - 2429.09, 0.0088
 - 2025.99, 0.02376
 - 1330.86, 0.0242
2859.75
 - 2429.09, 0.0154
 - 1330.86, 0.033
2910.98
 - 2362.95, 0.00836
2949.9
 - 559.102, 0.033
 - 0, 0.066
3069.4
 - 1216.15, 0.066
3105.3
 - 559.102, 0.033
3350.6
 - 559.102, 0.022
3557.9
 - 559.102, 0.022
3604.1
 - 0, 0.022
4044.5
 - 1787.65, 0.022
4383.9
 - 2127.21, 0.022
11154
 - 4383.9, 0.539
 - 4044.5, 0.3124
 - 3604.1, 0.3146
 - 3557.9, 0.1408
 - 3350.6, 0.231
 - 3105.3, 0.132
 - 3069.4, 0.3454
 - 2949.9, 0.5654
 - 2910.98, 0.01034
 - 2859.75, 0.0836
 - 2812.38, 0.1782
 - 2669.75, 0.2464
 - 2514.66, 0.01342
 - 2429.09, 2.2
 - 2127.21, 0.0088
 - 2025.99, 0.0539
 - 1787.65, 0.04554
 - 1688.96, 0.04532
 - 1216.15, 0.1034
 - 1122.28, 0.02684
 - 559.102, 0.352
 - 0, 0.02222
