613.727
 - 0, 68
1308.64
 - 613.727, 13.9
 - 0, 10.1
1498.6
 - 613.727, 3.15
1502.83
 - 613.727, 3.05
1758.69
 - 1308.64, 0.068
 - 613.727, 2.37
1853.93
 - 1502.83, 0.14
 - 1308.64, 2.11
 - 613.727, 3.23
1995.9
 - 1498.6, 0.36
 - 1308.64, 2.05
 - 613.727, 2.22
 - 0, 3.62
2266.93
 - 1995.9, 0.06
 - 1308.64, 0.102
 - 613.727, 0.252
2327.33
 - 1995.9, 0.11
 - 1758.69, 0.136
 - 1502.83, 0.12
 - 1308.64, 0.374
 - 613.727, 6.1
 - 0, 0.6
2335.22
 - 1758.69, 1
 - 1308.64, 0.265
 - 613.727, 2.45
2361.85
 - 613.727, 0.2
2507.24
 - 1502.83, 0.56
 - 1308.64, 1.23
 - 613.727, 0.48
2536.93
 - 2335.22, 0.08
 - 1498.6, 0.054
 - 1308.64, 0.56
 - 613.727, 1.97
2546.3
 - 2266.93, 0.41
 - 1502.83, 0.041
2647.46
 - 2361.85, 0.16
 - 2327.33, 0.12
 - 1995.9, 0.46
 - 1853.93, 0.15
 - 1308.64, 1.06
2682.11
 - 2507.24, 0.09
 - 2327.33, 0.2
 - 1995.9, 0.11
 - 1853.93, 0.94
 - 1308.64, 0.51
 - 613.727, 0.061
2753.85
 - 1498.6, 0.068
 - 1308.64, 0.18
2838.4
 - 1995.9, 0.38
 - 1758.69, 0.54
 - 1308.64, 1.18
2864.13
 - 0, 0.18
 - 1853.93, 0.42
2898.14
 - 2507.24, 0.06
 - 2266.93, 0.1
 - 1995.9, 0.13
 - 613.727, 1.2
3005.66
 - 613.727, 1.2
3039.81
 - 1995.9, 0.041
 - 1853.93, 0.15
 - 1308.64, 0.286
3089.73
 - 613.727, 0.44
3186.47
 - 613.727, 0.8
3242.65
 - 2647.46, 0.136
 - 2266.93, 0.075
 - 1853.93, 0.177
 - 1758.69, 0.46
 - 1498.6, 0.136
 - 613.727, 0.4
 - 0, 0.49
3254.39
 - 613.727, 0.32
3288.23
 - 3039.81, 0.73
 - 1995.9, 0.24
 - 1308.64, 0.09
 - 613.727, 1.3
3383.64
 - 613.727, 1.1
3439.46
 - 0, 0.9
3450.84
 - 613.727, 0.26
3494.33
 - 2838.4, 0.184
 - 2335.22, 0.15
 - 1995.9, 0.12
3523.82
 - 0, 0.08
3591.67
 - 613.727, 0.4
3624.1
 - 0, 0.2
3628.1
 - 1308.64, 0.8
3686.52
 - 613.727, 0.79
3735.16
 - 613.727, 0.37
3894.58
 - 1502.83, 1.2
 - 0, 0.07
3959.85
 - 613.727, 0.12
 - 0, 0.14
3999.15
 - 2327.33, 0.53
 - 1995.9, 0.53
 - 1758.69, 0.42
 - 613.727, 0.72
 - 0, 0.14
4037.03
 - 613.727, 0.43
4079.87
 - 0, 0.26
4182.02
 - 1995.9, 0.53
 - 1308.64, 0.9
4253.29
 - 1995.9, 0.5
 - 1308.64, 0.27
 - 613.727, 0.11
4297.49
 - 1308.64, 0.24
4341.53
 - 1498.6, 0.32
 - 0, 0.28
4366.56
 - 1308.64, 0.18
 - 0, 0.06
4386.92
 - 1758.69, 0.4
 - 613.727, 0.18
4448.46
 - 1995.9, 0.26
 - 0, 0.39
4469.01
 - 613.727, 0.41
 - 0, 0.08
4528.77
 - 1308.64, 0.19
4672.51
 - 613.727, 0.22
4684.3
 - 1308.64, 0.22
 - 613.727, 0.46
4690.32
 - 0, 0.44
4697
 - 1853.93, 0.32
 - 0, 0.06
4723.03
 - 1502.83, 0.19
 - 1498.6, 0.1
 - 1308.64, 0.17
4787.94
 - 1308.64, 0.13
 - 613.727, 0.18
4791.2
 - 613.727, 0.07
4811.97
 - 1308.64, 0.12
 - 0, 0.23
4957.22
 - 0, 0.05
4972.36
 - 0, 0.08
4998.3
 - 1498.6, 0.08
5004.72
 - 1758.69, 0.17
 - 613.727, 0.21
 - 0, 0.04
5022.29
 - 1853.93, 0.19
5029.91
 - 1308.64, 0.11
 - 0, 0.11
5090.86
 - 613.727, 0.06
5101.3
 - 613.727, 0.06
5126.64
 - 1995.9, 0.11
 - 1853.93, 0.22
 - 1502.83, 0.2
5164.2
 - 1995.9, 0.19
 - 1308.64, 0.41
5180.59
 - 1853.93, 0.21
 - 1498.6, 0.16
5290.17
 - 1498.6, 0.11
 - 613.727, 0.14
 - 0, 0.12
5295.3
 - 613.727, 0.19
5339.74
 - 1498.6, 0.19
 - 1308.64, 0.09
5356.55
 - 1995.9, 0.15
 - 613.727, 0.1
5390.8
 - 613.727, 0.1
5440.2
 - 613.727, 0.16
5451.38
 - 1498.6, 0.08
5513.22
 - 2266.93, 0.17
 - 1498.6, 0.14
 - 0, 0.05
10497.8
 - 5513.22, 0.2
 - 5451.38, 0.12
 - 5440.2, 0.26
 - 5390.8, 0.23
 - 5356.55, 0.15
 - 5339.74, 0.26
 - 5295.3, 0.22
 - 5290.17, 0.12
 - 5180.59, 0.21
 - 5164.2, 0.3
 - 5126.64, 0.57
 - 5101.3, 0.06
 - 5090.86, 0.09
 - 5029.91, 0.26
 - 5022.29, 0.1
 - 5004.72, 0.3
 - 4998.3, 0.4
 - 4972.36, 0.04
 - 4957.22, 0.07
 - 4811.97, 0.24
 - 4791.2, 0.37
 - 4787.94, 0.52
 - 4723.03, 0.64
 - 4697, 0.23
 - 4690.32, 0.37
 - 4684.3, 0.85
 - 4672.51, 0.14
 - 4528.77, 0.3
 - 4469.01, 0.53
 - 4448.46, 0.92
 - 4386.92, 0.31
 - 4366.56, 0.29
 - 4341.53, 0.33
 - 4297.49, 0.2
 - 4253.29, 1.4
 - 4182.02, 1.4
 - 4079.87, 0.1
 - 4037.03, 0.47
 - 3999.15, 1.5
 - 3959.85, 0.05
 - 3894.58, 0.52
 - 3735.16, 0.47
 - 3686.52, 0.75
 - 3624.1, 0.5
 - 3591.67, 0.74
 - 3523.82, 0.3
 - 3450.84, 0.32
 - 3439.46, 0.34
 - 3383.64, 1.2
 - 3288.23, 1.8
 - 3254.39, 0.32
 - 3242.65, 0.38
 - 3186.47, 0.31
 - 3089.73, 0.04
 - 3005.66, 0.94
 - 2898.14, 0.43
 - 2838.4, 0.6
 - 2753.85, 0.51
 - 2682.11, 0.1
 - 2536.93, 0.51
 - 2335.22, 1.8
 - 2327.33, 1.6
 - 1995.9, 1.5
 - 1758.69, 0.06
 - 1498.6, 0.22
 - 1308.64, 4.8
 - 613.727, 7.3
 - 0, 0.7
