102.87
 - 0, 1.11
293.96
 - 102.87, 0.66
467.85
 - 0, 44
491.24
 - 102.87, 0.67
 - 0, 6.2
616.7
 - 491.24, 0.1
 - 467.85, 0.1
624.5
 - 467.85, 0.24
889.3
 - 624.5, 0.16
 - 491.24, 0.14
 - 102.87, 0.56
 - 0, 0.7
1051.8
 - 293.96, 0.47
 - 102.87, 1.25
1232.85
 - 467.85, 1.54
 - 0, 0.33
1303.61
 - 491.24, 0.28
 - 467.85, 1.1
 - 102.87, 0.4
1406.6
 - 491.24, 0.1
 - 467.85, 0.36
 - 0, 1.3
1702
 - 1303.61, 0.14
 - 1051.8, 0.17
 - 889.3, 0.28
 - 616.7, 0.24
 - 491.24, 0.7
 - 102.87, 0.35
 - 0, 0.33
1711.3
 - 624.5, 0.24
 - 467.85, 0.66
 - 0, 0.55
1725.13
 - 1232.85, 0.6
 - 1051.8, 0.51
 - 491.24, 0.33
 - 467.85, 1.11
 - 0, 5.9
1828.2
 - 889.3, 0.04
 - 467.85, 0.24
 - 0, 0.39
2174.2
 - 624.5, 0.3
 - 467.85, 0.52
2253
 - 1303.61, 1.25
 - 624.5, 0.28
 - 616.7, 0.38
 - 467.85, 0.9
 - 293.96, 0.42
 - 102.87, 0.32
2333.3
 - 491.24, 0.26
 - 467.85, 0.57
2383.3
 - 1711.3, 0.51
 - 491.24, 0.24
2568.5
 - 1406.6, 0.7
 - 0, 1.37
2773.6
 - 1406.6, 0.33
 - 889.3, 0.5
 - 624.5, 0.32
2952.9
 - 467.85, 0.65
6701.1
 - 2952.9, 1.7
 - 2568.5, 0.83
 - 2333.3, 2
 - 2253, 1.86
 - 1725.13, 8.7
 - 1702, 0.43
 - 1406.6, 0.22
 - 1232.85, 0.45
 - 467.85, 33
