881.69
 - 0, 100
1897.78
 - 881.69, 5.2
 - 0, 10.81
2095.01
 - 881.69, 39.9
2345.6
 - 1897.78, 0.95
 - 881.69, 34.2
2623.2
 - 881.69, 2.1
 - 0, 0.37
2700.39
 - 2345.6, 0.35
 - 2095.01, 1.92
 - 1897.78, 7.31
2759.39
 - 881.69, 0.89
 - 0, 0.61
2771.1
 - 2345.6, 14.24
2861.14
 - 2095.01, 0.6
 - 1897.78, 3.18
 - 881.69, 5.17
3042.19
 - 2095.01, 2.15
 - 881.69, 2.78
3082.53
 - 2700.39, 0.88
 - 2345.6, 1.51
 - 2095.01, 1.23
 - 881.69, 1.16
3172.7
 - 2095.01, 2.27
3183.3
 - 2095.01, 0.39
 - 881.69, 0.51
3219.4
 - 2771.1, 2.84
 - 2095.01, 6.83
3288.97
 - 2345.6, 3.43
3312.53
 - 2771.1, 1.42
 - 2700.39, 2.01
 - 2345.6, 0.4
3408.25
 - 2861.14, 1.58
 - 2771.1, 1.21
 - 2700.39, 1.06
3426.77
 - 2095.01, 1.89
 - 881.69, 1.31
3463.2
 - 3219.4, 0.4
3587.2
 - 3219.4, 2.56
 - 2771.1, 0.08
3638.61
 - 3219.4, 3.03
 - 0, 0.35
 - 2700.39, 2.16
 - 2345.6, 1.84
 - 2095.01, 2.34
3718.14
 - 2095.01, 1.57
3777
 - 2095.01, 1.02
4001.96
 - 3082.53, 1.07
 - 2771.1, 1.49
 - 2345.6, 1.34
4214.56
 - 3312.53, 0.66
 - 2771.1, 1.14
4238.7
 - 4001.96, 0.8
4278.4
 - 2771.1, 0.17
4455.9
 - 3172.7, 0.52
4594.9
 - 2771.1, 0.43
4676.77
 - 2771.1, 0.76
10520.6
 - 4594.9, 0.4
 - 4455.9, 0.86
 - 4238.7, 1.3
 - 4214.56, 2.3
 - 4001.96, 4.2
 - 3718.14, 3.1
 - 3638.61, 6.7
 - 3587.2, 2.6
 - 3463.2, 0.26
 - 3312.53, 1.2
 - 3219.4, 0.25
 - 3042.19, 0.37
 - 2771.1, 0.55
 - 2700.39, 0.27
 - 2345.6, 0.06
 - 2095.01, 0.93
 - 0, 0.07
 - 0, 0.33
