488.1
 - 0, 11
555.4
 - 0, 8
557
 - 0, 19
779.3
 - 555.4, 0.8
873.2
 - 557, 0.3
 - 0, 7.5
978.5
 - 557, 5.7
1027.1
 - 488.1, 3.1
 - 0, 7.5
1032.7
 - 978.5, 1.4
 - 0, 5.9
1092.4
 - 1032.7, 2.3
 - 978.5, 1.3
 - 555.4, 3.1
1105.9
 - 873.2, 0.2
 - 0, 4.7
1196.2
 - 1105.9, 0.2
 - 873.2, 0.5
 - 557, 2.9
1247.2
 - 555.4, 2.3
1305
 - 1105.9, 0.7
 - 779.3, 0.4
 - 557, 0.6
 - 488.1, 0.7
 - 0, 4.9
1309.5
 - 779.3, 0.7
1389.5
 - 1305, 1.2
 - 1105.9, 0.3
 - 1027.1, 1.4
 - 0, 2
1439
 - 873.2, 0.6
 - 557, 1.4
 - 0, 1
1470.6
 - 1305, 2
 - 557, 1.9
1501
 - 555.4, 0.8
1666.7
 - 1305, 1.4
 - 1027.1, 2.9
 - 488.1, 1
 - 0, 2
1708.3
 - 488.1, 1.1
1819.7
 - 1305, 1.5
 - 1092.4, 1.2
1890
 - 0, 3.8
1916.2
 - 1819.7, 0.6
 - 1247.2, 0.8
2130.5
 - 1890, 1
 - 0, 0.7
2148.4
 - 0, 0.7
2352.7
 - 0, 0.3
2476.3
 - 0, 0.3
2569.9
 - 0, 0.4
2586.3
 - 0, 0.5
2598.1
 - 0, 0.2
8651
 - 2598.1, 0.26
 - 2586.3, 0.84
 - 2569.9, 0.11
 - 2476.3, 0.12
 - 2352.7, 0.09
 - 2148.4, 0.32
 - 2130.5, 1.17
 - 1916.2, 0.11
 - 1890, 0.17
 - 1819.7, 1.1
 - 1708.3, 0.2
 - 1470.6, 0.11
 - 1439, 0.3
 - 1389.5, 0.24
 - 1305, 1.1
 - 1196.2, 0.13
 - 1105.9, 0.24
 - 1027.1, 2.05
 - 978.5, 0.12
 - 873.2, 0.04
 - 557, 0.3
 - 488.1, 0.08
 - 0, 0.35
