1204.8
 - 0, 61.92
1466.4
 - 0, 53.44
1881.8
 - 0, 6.72
2042
 - 0, 27.52
2558.3
 - 0, 13.28
2577.9
 - 0, 15.68
2640.5
 - 0, 8.48
2694.4
 - 0, 5.6
2774.9
 - 0, 4.48
2871.6
 - 0, 4.8
3083.7
 - 0, 8.48
3476.7
 - 0, 13.28
3984.3
 - 0, 4.48
4162.5
 - 0, 3.52
4180
 - 1466.4, 14.88
 - 0, 2.24
4319.9
 - 0, 4
7194.9
 - 4319.9, 6.88
 - 4180, 19.84
 - 4162.5, 5.6
 - 3984.3, 6.88
 - 3476.7, 9.76
 - 3083.7, 2.24
 - 2871.6, 6.88
 - 2640.5, 3.04
 - 2577.9, 8.48
 - 2558.3, 4.48
 - 2042, 3.68
 - 1204.8, 2.56
 - 0, 0.48
