787.43
 - 0, 62
1432.31
 - 787.43, 5.8
 - 0, 4.9
1510.04
 - 787.43, 19
1758.51
 - 1432.31, 0.3
 - 787.43, 2.9
 - 0, 0.26
1880.91
 - 1432.31, 0.07
 - 787.43, 0.82
2017.52
 - 1758.51, 2.77
 - 1510.04, 0.4
 - 787.43, 9.8
 - 0, 1.88
2104.88
 - 1510.04, 0.39
 - 1432.31, 1.57
 - 787.43, 1.9
2206.52
 - 787.43, 1.57
2223.9
 - 1510.04, 1.6
 - 1432.31, 1.24
 - 787.43, 0.46
2333.4
 - 1758.51, 0.17
 - 1510.04, 1.09
 - 1432.31, 0.43
 - 787.43, 2.4
2343.7
 - 1510.04, 0.82
2417.8
 - 1432.31, 0.25
 - 787.43, 0.25
2419.49
 - 2104.88, 0.03
 - 2017.52, 0.09
 - 1758.51, 0.2
 - 1510.04, 1.07
 - 1432.31, 0.21
 - 787.43, 0.61
2485.35
 - 2333.4, 0.05
 - 2104.88, 0.15
 - 1510.04, 0.3
 - 1432.31, 0.37
 - 787.43, 0.5
2506.3
 - 2333.4, 0.42
 - 1510.04, 0.49
2562.28
 - 2017.52, 0.18
 - 1758.51, 0.11
 - 787.43, 1.4
2572.79
 - 2333.4, 0.11
 - 2017.52, 0.41
 - 1758.51, 0.43
 - 1432.31, 0.22
 - 787.43, 0.69
2620.28
 - 1432.31, 0.27
 - 787.43, 0.55
2620.85
 - 2017.52, 0.59
 - 1510.04, 0.94
2700.42
 - 2206.52, 0.04
 - 787.43, 0.5
2767.72
 - 2333.4, 0.16
 - 787.43, 0.64
2795.54
 - 1510.04, 1.36
2962.27
 - 2017.52, 0.4
 - 1510.04, 0.34
2976.99
 - 2419.49, 0.16
 - 1510.04, 0.36
3022.1
 - 1510.04, 0.32
3045.91
 - 1758.51, 0.48
 - 787.43, 0.21
3051.5
 - 1510.04, 0.33
3067.25
 - 2620.28, 0.29
3103.17
 - 2767.72, 0.07
3108.75
 - 2017.52, 0.68
 - 1510.04, 0.16
3155.49
 - 2700.42, 0.06
 - 2343.7, 0.17
 - 2104.88, 0.12
3195.5
 - 2795.54, 0.2
 - 2017.52, 0.23
3210.75
 - 2343.7, 0.11
 - 2017.52, 0.35
3211.9
 - 1510.04, 0.48
3455.2
 - 1510.04, 0.37
3547.8
 - 2223.9, 0.21
3598.3
 - 2343.7, 0.19
3737.9
 - 2343.7, 0.44
8642.56
 - 3210.75, 0.25
 - 3195.5, 0.24
 - 3155.49, 0.1
 - 3108.75, 0.33
 - 3103.17, 0.2
 - 3051.5, 0.055
 - 3045.91, 0.15
 - 2976.99, 0.1
 - 2962.27, 0.99
 - 2767.72, 1.25
 - 2700.42, 0.42
 - 2620.85, 0.08
 - 2572.79, 0.39
 - 2562.28, 0.17
 - 2485.35, 0.04
 - 2419.49, 0.58
 - 2333.4, 0.055
 - 2223.9, 0.045
 - 2206.52, 0.36
 - 2104.88, 0.19
 - 2017.52, 10.5
 - 1880.91, 0.055
 - 1758.51, 0.23
 - 1510.04, 0.16
 - 1432.31, 0.1
 - 787.43, 0.1
