20.567
 - 0, 29.48
107.913
 - 0, 13.8
159.297
 - 0, 15.3
163.774
 - 107.913, 0.8
 - 20.567, 16.3
229.47
 - 107.913, 0.17
 - 20.567, 0.8
 - 0, 0.19
244.39
 - 163.774, 0.16
 - 107.913, 0.12
 - 20.567, 0.17
 - 0, 0.17
246.272
 - 163.774, 6.2
 - 107.913, 6.4
 - 20.567, 3.5
 - 0, 0.27
272.642
 - 159.297, 1.1
 - 107.913, 0.07
 - 20.567, 5.3
 - 0, 3.2
301.65
 - 20.567, 0.14
 - 0, 0.35
321.531
 - 272.642, 0.04
 - 246.272, 2.2
 - 163.774, 2.9
 - 159.297, 0.7
 - 107.913, 1.49
 - 20.567, 0.89
 - 0, 8.7
441.86
 - 272.642, 0.63
 - 159.297, 0.18
 - 107.913, 0.7
 - 20.567, 0.08
 - 0, 1.6
464.33
 - 159.297, 0.5
 - 107.913, 0.2
466.04
 - 159.297, 1.5
 - 107.913, 1.4
 - 20.567, 1.1
 - 0, 1
490.83
 - 272.642, 0.26
 - 246.272, 0.17
 - 159.297, 0.5
 - 0, 2.5
578.04
 - 159.297, 0.18
 - 107.913, 0.2
 - 0, 1.6
582.07
 - 301.65, 1.06
 - 272.642, 0.42
 - 229.47, 0.52
625.81
 - 229.47, 0.04
 - 20.567, 0.22
631.22
 - 272.642, 0.5
 - 159.297, 0.21
 - 0, 1.38
644.02
 - 321.531, 0.9
 - 246.272, 0.18
 - 163.774, 0.52
670.56
 - 272.642, 0.04
 - 107.913, 0.51
725.89
 - 244.39, 0.04
 - 107.913, 0.56
756.61
 - 441.86, 0.4
784.49
 - 321.531, 5.6
 - 246.272, 0.28
 - 163.774, 0.06
 - 20.567, 0.12
805.55
 - 159.297, 0.94
824.29
 - 631.22, 0.27
 - 490.83, 0.34
 - 246.272, 0.3
 - 159.297, 0.12
 - 107.913, 0.25
 - 20.567, 0.15
 - 0, 0.68
841.09
 - 301.65, 1
873.4
 - 272.642, 0.15
 - 159.297, 0.7
886.52
 - 644.02, 0.37
 - 464.33, 0.08
 - 321.531, 3.7
 - 246.272, 10.6
903.13
 - 301.65, 0.15
 - 163.774, 0.9
956.63
 - 272.642, 0.34
 - 246.272, 0.28
 - 159.297, 0.37
 - 107.913, 0.32
967.16
 - 644.02, 0.05
1058.82
 - 301.65, 0.83
 - 229.47, 0.04
 - 163.774, 0.25
1134.57
 - 163.774, 0.07
 - 0, 0.42
1180.09
 - 441.86, 0.17
 - 301.65, 0.39
 - 229.47, 0.21
 - 20.567, 0.41
1325.39
 - 886.52, 0.61
 - 784.49, 0.7
 - 321.531, 0.57
1328.98
 - 466.04, 0.32
 - 441.86, 0.12
1693.4
 - 159.297, 0.9
1735.21
 - 1134.57, 0.15
 - 886.52, 0.24
 - 644.02, 0.83
 - 159.297, 0.39
1832.5
 - 824.29, 0.53
1845.5
 - 967.16, 0.39
 - 20.567, 0.11
2148.2
 - 20.567, 0.32
2352.5
 - 441.86, 0.38
 - 20.567, 0.21
2380.6
 - 1058.82, 0.32
2404.4
 - 578.04, 0.32
