475.096
 - 0, 0.98
943.76
 - 475.096, 0.049
1103.05
 - 475.096, 0.176
 - 0, 0.1
1106.43
 - 475.096, 0.3
1521.6
 - 1106.43, 0.0064
 - 1103.05, 0.033
 - 475.096, 0.103
1580.56
 - 943.76, 0.033
 - 475.096, 0.055
 - 0, 0.0083
1603.37
 - 1106.43, 0.0068
 - 475.096, 0.0013
1799.08
 - 1106.43, 0.025
 - 1103.05, 0.039
 - 475.096, 0.0066
1873.25
 - 1106.43, 0.019
1969.01
 - 1103.05, 0.0054
2036.73
 - 1580.56, 0.0103
 - 1106.43, 0.0032
 - 475.096, 0.0118
 - 0, 0.0032
2043.39
 - 1103.05, 0.038
 - 475.096, 0.044
2219.03
 - 1799.08, 0.0014
 - 1521.6, 0.02
 - 1106.43, 0.0046
2261.09
 - 1580.56, 0.0162
 - 1521.6, 0.0196
 - 1103.05, 0.0139
2420
 - 1103.05, 0.0029
 - 475.096, 0.0049
2467.39
 - 475.096, 0.015
2591.79
 - 2043.39, 0.0128
2614.74
 - 1103.05, 0.0108
 - 475.096, 0.015
2676.3
 - 475.096, 0.0086
9219.52
 - 0, 0.005
 - 2591.79, 0.093
 - 2467.39, 0.008
 - 2261.09, 0.0084
 - 2043.39, 0.0122
 - 1521.6, 0.0044
 - 1106.43, 0.0069
