617.519
 - 0, 910
1224.34
 - 617.519, 47.2
1312.39
 - 617.519, 161
 - 0, 54.5
1415.6
 - 617.519, 55.2
1433.32
 - 617.519, 11.2
1468.81
 - 617.519, 68.1
 - 0, 40.2
1871.03
 - 1468.81, 3.6
 - 1312.39, 6.3
 - 617.519, 8.8
2005.19
 - 1468.81, 1.3
 - 1312.39, 12.8
 - 617.519, 44.9
2064.52
 - 1415.6, 4.8
 - 1312.39, 16.2
 - 617.519, 15
2081.78
 - 1468.81, 1.9
 - 1415.6, 4.6
 - 1312.39, 3.4
2121.5
 - 1433.32, 5.6
 - 1224.34, 3.6
 - 617.519, 29.3
2156.28
 - 1312.39, 2.8
 - 617.519, 32.4
 - 0, 1.9
2231.27
 - 1468.81, 0.4
 - 1312.39, 0.84
 - 1224.34, 2.98
 - 617.519, 28.1
2301.07
 - 617.519, 7.3
2403.09
 - 1468.81, 2.1
 - 1415.6, 4.9
 - 1312.39, 3.94
 - 617.519, 4.3
2416.16
 - 2005.19, 2.9
 - 1468.81, 2.4
 - 1433.32, 1.3
 - 1312.39, 6.6
 - 617.519, 13.8
2493.27
 - 1415.6, 2.61
2506.36
 - 1312.39, 3.9
 - 617.519, 17.9
2506.74
 - 1468.81, 1.9
 - 1224.34, 1.8
 - 0, 55.3
2532.39
 - 1468.81, 1.52
 - 1433.32, 0.91
 - 1415.6, 2
2561.23
 - 1312.39, 1.7
 - 0, 2.8
2590.98
 - 1415.6, 2.3
2635.09
 - 1312.39, 4.06
2668.89
 - 2005.19, 0.8
 - 1312.39, 15.2
 - 617.519, 2.9
2674.09
 - 617.519, 12.3
2723.95
 - 2005.19, 1.6
 - 617.519, 13.1
2765.89
 - 1468.81, 1.3
 - 617.519, 8.1
 - 0, 1.8
2829.17
 - 1871.03, 2.4
 - 1224.34, 0.95
 - 617.519, 18.5
 - 0, 19
2834.7
 - 617.519, 2.6
2853.05
 - 1312.39, 4.5
 - 617.519, 2.4
 - 0, 5.4
2866.86
 - 2005.19, 3.6
 - 1415.6, 3.1
2931.54
 - 617.519, 4.7
 - 0, 7.8
2944.99
 - 617.519, 4.7
 - 0, 4.6
3133.79
 - 1224.34, 5.8
 - 0, 15
3135.72
 - 2064.52, 4.5
 - 1468.81, 1.26
 - 1312.39, 4.71
3163.48
 - 2506.74, 4.5
 - 0, 2.6
3169.46
 - 1224.34, 4.61
 - 617.519, 9.1
3190.17
 - 617.519, 10.1
3231.24
 - 617.519, 2.6
 - 0, 6.3
3243.4
 - 617.519, 3.3
3253.55
 - 617.519, 3.7
3303.3
 - 2416.16, 1.48
 - 617.519, 8.5
3393.37
 - 617.519, 6.1
 - 0, 1.89
3452.2
 - 0, 1.7
3455.7
 - 617.519, 4.5
3479.3
 - 0, 0.94
3500.55
 - 617.519, 4.7
3540.36
 - 617.519, 4.1
 - 0, 0.97
3557.29
 - 0, 0.97
3567.82
 - 617.519, 3.8
3572.43
 - 0, 1.81
3577.55
 - 1224.34, 3.4
 - 617.519, 15.5
 - 0, 2.8
3696.23
 - 1312.39, 5.35
3707.53
 - 2866.86, 2.7
 - 1312.39, 3.8
 - 617.519, 6.7
3838.91
 - 0, 1.66
3846.3
 - 0, 1.15
3892.19
 - 1312.39, 4
3951.5
 - 617.519, 11.2
 - 0, 1.4
3970.04
 - 617.519, 0.73
 - 0, 1.66
3998.12
 - 1312.39, 8.5
 - 0, 2.33
4004.1
 - 617.519, 1.11
