245.45
 - 0, 274
342.34
 - 0, 100
416.69
 - 245.45, 57
620.41
 - 416.69, 0.3
 - 342.34, 3
 - 245.45, 12.5
 - 0, 38
752.99
 - 416.69, 3.2
 - 342.34, 5.4
 - 0, 7.9
853.7
 - 416.69, 2
 - 245.45, 12.3
866.82
 - 416.69, 0.47
 - 342.34, 1.8
 - 0, 16
985.9
 - 416.69, 2.1
 - 245.45, 0.8
1016.82
 - 245.45, 1
 - 0, 14.2
1046.9
 - 620.41, 0.46
 - 342.34, 6
1078.03
 - 866.82, 0.4
 - 620.41, 1.8
 - 245.45, 9.4
 - 0, 7.1
1115.35
 - 620.41, 1.5
 - 342.34, 3.4
 - 0, 6.8
1118.2
 - 416.69, 6.8
 - 342.34, 2.8
1190.2
 - 620.41, 5.2
 - 0, 0.75
1255.7
 - 416.69, 0.8
1274.5
 - 853.7, 1.4
 - 416.69, 0.3
 - 245.45, 1.8
1298.5
 - 416.69, 0.9
 - 245.45, 1.7
1326.5
 - 342.34, 0.11
 - 0, 3
1340.1
 - 752.99, 0.6
 - 620.41, 4.8
 - 0, 4.4
1341.2
 - 752.99, 0.6
 - 416.69, 1.5
 - 342.34, 4.7
1346.1
 - 620.41, 1.7
 - 416.69, 0.63
 - 245.45, 4.8
1391.7
 - 752.99, 0.38
 - 342.34, 2.1
 - 245.45, 4.2
 - 0, 0.43
1472.7
 - 752.99, 4.8
 - 342.34, 3.6
 - 0, 3.1
1511.8
 - 245.45, 0.16
1546.62
 - 752.99, 1.2
 - 245.45, 0.8
1551.9
 - 620.41, 2.4
 - 416.69, 0.1
1552.1
 - 342.34, 4
 - 245.45, 1.6
 - 0, 0.96
1666.4
 - 985.9, 1.9
 - 416.69, 0.5
1692.1
 - 752.99, 0.52
 - 342.34, 0.35
 - 0, 3.5
1717.2
 - 1115.35, 0.6
 - 0, 1.6
1739.8
 - 866.82, 3
 - 245.45, 2.7
 - 0, 0.36
1789.4
 - 752.99, 0.62
 - 342.34, 0.8
 - 0, 0.83
1801.8
 - 0, 0.8
1828.5
 - 1016.82, 2
 - 342.34, 1.5
 - 0, 0.75
1842.57
 - 866.82, 1.4
 - 620.41, 1
 - 342.34, 0.67
 - 245.45, 2
 - 0, 3.3
1849
 - 416.69, 0.54
 - 342.34, 1.7
 - 0, 1.5
1906.1
 - 853.7, 1.7
 - 416.69, 2.2
1974.8
 - 1016.82, 0.4
 - 342.34, 5.5
1992.8
 - 1326.5, 0.5
2005.8
 - 342.34, 0.23
 - 0, 1.3
2016
 - 1115.35, 0.2
 - 752.99, 1
 - 0, 1
2038.7
 - 342.34, 1.9
 - 245.45, 1.4
 - 0, 0.43
2044.9
 - 1692.1, 1.8
 - 1551.9, 4.4
 - 620.41, 0.2
 - 0, 2.2
2096.7
 - 1190.2, 0.4
 - 853.7, 1.5
 - 752.99, 0.48
2134.8
 - 1326.5, 1.1
 - 245.45, 0.7
2154
 - 416.69, 0.46
2165.8
 - 866.82, 3
 - 0, 1
2236.1
 - 1078.03, 0.1
 - 1016.82, 0.9
 - 752.99, 0.36
 - 245.45, 0.37
 - 0, 0.85
2242.6
 - 1016.82, 1.7
 - 620.41, 0.61
 - 342.34, 0.7
2280.9
 - 1190.2, 0.41
 - 866.82, 1
 - 620.41, 1.5
 - 342.34, 0.5
2325.9
 - 342.34, 0.3
2381.1
 - 1340.1, 1.1
 - 853.7, 1.2
 - 416.69, 1.12
2445.9
 - 1340.1, 1.6
 - 620.41, 1.6
 - 342.34, 2.8
2495.2
 - 1472.7, 0.51
 - 1340.1, 0.41
 - 342.34, 1.11
2556.9
 - 245.45, 1.9
2566.2
 - 1115.35, 0.17
 - 0, 1.2
2588.1
 - 1340.1, 0.26
 - 416.69, 1.4
 - 342.34, 1.2
2653.4
 - 620.41, 0.48
 - 245.45, 0.34
2692.3
 - 1118.2, 0.35
 - 752.99, 1.3
 - 416.69, 0.8
 - 0, 1.1
2710.4
 - 1326.5, 0.35
2714.5
 - 1340.1, 0.3
 - 1046.9, 0.66
 - 853.7, 0.56
 - 416.69, 1.2
2733.1
 - 2044.9, 0.6
 - 1974.8, 0.29
 - 1739.8, 0.7
 - 1346.1, 0.77
 - 1115.35, 0.68
 - 342.34, 1.5
2768.5
 - 416.69, 0.83
 - 342.34, 0.31
 - 0, 1
2950.5
 - 866.82, 0.93
 - 620.41, 0.14
 - 342.34, 0.8
 - 245.45, 2.4
2977.7
 - 1046.9, 0.42
 - 853.7, 0.84
3076.2
 - 1666.4, 0.21
 - 1118.2, 0.26
 - 1016.82, 1.2
 - 620.41, 1.5
 - 416.69, 2.1
3126.4
 - 1340.1, 0.1
 - 752.99, 0.39
 - 620.41, 1.5
