272.966
 - 0, 20.4
448.032
 - 272.966, 0.5
508.241
 - 272.966, 1.91
556.849
 - 0, 2
658.073
 - 272.966, 5.8
771.14
 - 0, 0.73
787.188
 - 556.849, 0.06
 - 448.032, 0.29
790.921
 - 658.073, 0.09
 - 272.966, 1.7
813.346
 - 658.073, 1.42
 - 508.241, 0.6
 - 272.966, 0.38
829.131
 - 658.073, 1.74
 - 508.241, 0.91
 - 272.966, 1
850.491
 - 556.849, 0.6
 - 272.966, 1.07
875.287
 - 556.849, 0.31
 - 272.966, 1.6
892.667
 - 850.491, 0.9334
 - 556.849, 0.2
 - 508.241, 1.8
910.77
 - 658.073, 0.06
 - 508.241, 0.06
920.81
 - 771.14, 0.4
 - 272.966, 0.53
951.476
 - 658.073, 0.25
 - 508.241, 0.27
970.302
 - 829.131, 1.37
 - 813.346, 0.13
1007.66
 - 892.667, 0.3
1015.5
 - 813.346, 0.17
1019.04
 - 892.667, 2.47
 - 875.287, 0.02
1031.23
 - 813.346, 0.05
 - 790.921, 0.17
 - 658.073, 0.22
1052.68
 - 1007.66, 0.6721
 - 951.476, 0.11
 - 850.491, 0.17
1081.87
 - 790.921, 1.56
1167.04
 - 970.302, 0.4
1213.46
 - 970.302, 0.07
1285.83
 - 892.667, 0.25
1399.77
 - 1031.23, 0.08
 - 813.346, 0.17
6784.3
 - 1399.77, 0.023
 - 0, 0.051
 - 1213.46, 0.086
 - 1167.04, 0.014
 - 1052.68, 0.057
 - 1031.23, 0.057
 - 1015.5, 0.14
 - 1007.66, 0.061
 - 0, 0.007
 - 892.667, 0.86
 - 658.073, 0.017
 - 508.241, 0.004
