190.268
 - 0, 5.2548
221.067
 - 190.268, 31.459
287.739
 - 0, 19.8
497.161
 - 221.067, 4.13
 - 190.268, 6.8
501.938
 - 190.268, 26.688
536.286
 - 501.938, 24.36
574.408
 - 536.286, 3.05
 - 190.268, 0.48
600.355
 - 287.739, 1.37
628.032
 - 287.739, 10.5
641.738
 - 574.408, 0.153
 - 536.286, 0.44811
 - 501.938, 0.048
 - 190.268, 2.1
687.518
 - 641.738, 0.3504
 - 501.938, 0.208
692.936
 - 287.739, 0.086
 - 0, 3.2
696.368
 - 574.408, 15
 - 497.161, 0.02
 - 221.067, 0.064
 - 190.268, 0.63
725.126
 - 287.739, 0.82
 - 221.067, 3.1
728.541
 - 497.161, 0.191
 - 221.067, 1.28
 - 190.268, 2.8
775.334
 - 628.032, 3.2
 - 497.161, 0.118
 - 287.739, 0.28
 - 190.268, 0.069
824.994
 - 287.739, 0.58
 - 0, 1.15
835.651
 - 696.368, 7.2
906.118
 - 692.936, 0.075
 - 287.739, 0.29
 - 0, 0.85
909.505
 - 497.161, 1.07
 - 190.268, 0.87
970.581
 - 497.161, 1.6
1003.13
 - 909.505, 0.091
 - 497.161, 0.63
 - 190.268, 0.36
1006.4
 - 728.541, 0.09
 - 600.355, 0.156
 - 190.268, 0.44
1018.67
 - 775.334, 0.186
 - 728.541, 0.088
 - 696.368, 1.33
1019.74
 - 641.738, 1.15
1032.04
 - 835.651, 1.45
 - 692.936, 0.15
1037.18
 - 775.334, 0.815
 - 221.067, 0.44
1044.89
 - 687.518, 0.37
 - 641.738, 0.127
 - 536.286, 0.43
1047.21
 - 824.994, 0.304
 - 221.067, 0.53
1059.49
 - 287.739, 0.33
 - 0, 0.56
1062.53
 - 824.994, 0.074
 - 728.541, 0.232
 - 287.739, 1.74
 - 221.067, 0.78
1074.04
 - 287.739, 0.18
 - 0, 0.29
1111.8
 - 906.118, 0.094
 - 775.334, 0.33
1155.35
 - 1062.53, 0.48
 - 775.334, 0.067
 - 628.032, 0.52
1164.28
 - 641.738, 0.155
1168.82
 - 628.032, 0.15
1178.67
 - 287.739, 0.2
1198.94
 - 1032.04, 0.035
 - 1006.4, 0.038
 - 835.651, 0.38
 - 775.334, 0.054
 - 696.368, 1.5
 - 628.032, 0.8
1201.51
 - 835.651, 0.46
 - 692.936, 0.43
1205.34
 - 728.541, 0.299
 - 287.739, 1.12
1270.99
 - 835.651, 0.68
 - 692.936, 0.15
1272.27
 - 1003.13, 0.065
 - 835.651, 0.33
 - 775.334, 0.064
 - 728.541, 0.28
 - 725.126, 0.71
 - 628.032, 0.106
1303.55
 - 906.118, 0.155
 - 835.651, 0.4
 - 775.334, 0.063
1311.76
 - 1155.35, 0.76
 - 775.334, 0.118
1319.57
 - 1062.53, 0.085
 - 628.032, 0.62
1322.45
 - 1164.28, 0.018
 - 970.581, 0.226
1328.95
 - 1003.13, 0.096
 - 696.368, 0.37
 - 574.408, 0.067
 - 536.286, 0.46
1349
 - 1198.94, 0.56
 - 775.334, 0.167
1394.23
 - 1328.95, 0.3808
 - 1018.67, 0.14
 - 1003.13, 0.13
 - 970.581, 0.054
1406.49
 - 1032.04, 0.217
1424.45
 - 1270.99, 0.059
 - 696.368, 0.4
1431.61
 - 1032.04, 0.164
 - 497.161, 0.276
1484.77
 - 835.651, 0.29
1575.53
 - 1424.45, 0.12852
 - 1205.34, 0.096
1615.91
 - 835.651, 0.31
1677.64
 - 835.651, 0.37
 - 725.126, 0.4
