1293.61
 - 0, 30
1756.85
 - 1293.61, 2.8
2027.5
 - 1293.61, 2.1
2112.33
 - 1756.85, 0.16
 - 1293.61, 3
 - 0, 3.4
2225.45
 - 1293.61, 2.5
 - 0, 1.1
2266.23
 - 1293.61, 3.4
2366.11
 - 2266.23, 0.089
 - 1293.61, 0.088
2390.92
 - 1293.61, 0.87
2529.25
 - 2390.92, 0.041
 - 2112.33, 0.39
2545.74
 - 2112.33, 0.019
 - 1293.61, 0.69
2585.61
 - 2225.45, 0.14
 - 1756.85, 0.07
 - 1293.61, 1.1
 - 0, 0.73
2650.47
 - 2266.23, 0.032
 - 2112.33, 0.045
 - 1293.61, 1.6
 - 0, 0.12
2773.55
 - 2366.11, 0.027
2790.57
 - 2585.61, 0.019
 - 2225.45, 0.025
 - 2112.33, 0.122
 - 1293.61, 0.18
2801.35
 - 1293.61, 0.25
2843.84
 - 2266.23, 0.011
 - 1293.61, 0.23
 - 0, 0.74
2960.07
 - 2650.47, 0.01
 - 2585.61, 0.067
 - 2266.23, 0.078
 - 1293.61, 0.23
 - 0, 0.45
2996.29
 - 2801.35, 0.012
 - 2529.25, 0.052
 - 2390.92, 0.069
 - 2225.45, 0.063
 - 1293.61, 0.32
3016.58
 - 2366.11, 0.047
3046.41
 - 2390.92, 0.02
 - 1293.61, 0.103
3088.63
 - 1756.85, 0.074
 - 1293.61, 0.131
 - 0, 0.38
3105.35
 - 2773.55, 0.011
 - 2390.92, 0.005
 - 2366.11, 0.008
 - 2266.23, 0.005
3157.87
 - 2366.11, 0.104
3179.72
 - 2801.35, 0.022
 - 2390.92, 0.063
 - 1293.61, 0.24
3194.34
 - 1293.61, 0.44
3227.47
 - 2585.61, 0.027
 - 2529.25, 0.022
 - 2266.23, 0.09
 - 2112.33, 0.36
3228.1
 - 2266.23, 0.05
 - 2225.45, 0.023
 - 2027.5, 0.36
 - 1293.61, 0.074
3236.04
 - 2112.33, 0.2
 - 1293.61, 0.054
3257.81
 - 2366.11, 0.043
3289.06
 - 2266.23, 0.035
3315.04
 - 2225.45, 0.07
 - 2112.33, 0.29
 - 1293.61, 0.05
3333.81
 - 0, 1.21
3344.39
 - 2843.84, 0.013
 - 2266.23, 0.15
 - 2225.45, 0.16
 - 2112.33, 0.067
 - 1293.61, 0.15
3371.44
 - 2390.92, 0.021
 - 2225.45, 0.037
 - 1293.61, 0.12
3415.9
 - 1293.61, 0.15
3416.58
 - 2585.61, 0.121
 - 2266.23, 0.18
3427.98
 - 2366.11, 0.03
 - 2266.23, 0.06
3469.71
 - 3344.39, 0.003
 - 2801.35, 0.011
 - 2225.45, 0.122
 - 1293.61, 0.13
3507.31
 - 2266.23, 0.058
3508.36
 - 3088.63, 0.044
 - 2960.07, 0.036
 - 2843.84, 0.016
 - 2112.33, 0.088
3513.6
 - 1293.61, 0.41
 - 0, 0.11
3551.7
 - 1293.61, 0.053
3572.89
 - 1293.61, 0.141
3586.63
 - 2585.61, 0.08
 - 2112.33, 0.089
 - 0, 0.11
3593.84
 - 2225.45, 0.1
 - 2112.33, 0.027
3658.69
 - 2801.35, 0.066
 - 2225.45, 0.037
 - 2112.33, 0.21
 - 0, 0.18
3711.91
 - 2843.84, 0.108
 - 0, 0.24
3730.6
 - 1293.61, 0.1
3742.96
 - 2266.23, 0.091
 - 2112.33, 0.048
 - 1293.61, 0.04
3747.9
 - 1293.61, 0.067
3776.79
 - 2585.61, 0.041
 - 0, 0.12
3806
 - 0, 0.12
3836.69
 - 1293.61, 0.099
3843.69
 - 2225.45, 0.022
 - 2112.33, 0.027
 - 1293.61, 0.122
3851
 - 2266.23, 0.016
 - 0, 0.04
3903.62
 - 2225.45, 0.032
 - 0, 0.12
3904.91
 - 2027.5, 0.23
 - 1756.85, 0.25
3916.97
 - 2266.23, 0.19
3945.8
 - 1293.61, 0.16
3950.3
 - 2266.23, 0.01
 - 2225.45, 0.037
 - 1293.61, 0.008
3952.9
 - 3513.6, 0.013
 - 0, 0.063
4001.07
 - 2790.57, 0.015
 - 1756.85, 0.23
 - 1293.61, 0.18
4013.16
 - 2225.45, 0.037
 - 1293.61, 0.1
 - 0, 0.35
4026.75
 - 0, 0.13
4028.5
 - 1293.61, 0.07
4037.4
 - 2266.23, 0.035
 - 1293.61, 0.11
4076.03
 - 3658.69, 0.08
 - 2112.33, 0.058
4113.9
 - 2545.74, 0.026
 - 1756.85, 0.24
 - 0, 0.17
4128.28
 - 0, 0.26
4143.9
 - 1293.61, 0.099
4162.41
 - 2585.61, 0.037
 - 2266.23, 0.083
 - 1293.61, 0.18
4170.9
 - 1293.61, 0.085
 - 0, 0.07
4190.5
 - 2266.23, 0.031
 - 1293.61, 0.084
4200.1
 - 2790.57, 0.063
 - 0, 0.12
4201.53
 - 2650.47, 0.13
 - 2585.61, 0.105
 - 2266.23, 0.114
 - 2225.45, 0.19
 - 1293.61, 0.059
4211.59
 - 3371.44, 0.044
 - 1293.61, 0.18
4238.5
 - 1293.61, 0.06
 - 0, 0.06
4251.73
 - 3416.58, 0.021
 - 0, 0.16
4278.38
 - 1293.61, 0.18
 - 0, 0.036
4297.1
 - 1293.61, 0.075
4308.48
 - 2790.57, 0.028
 - 1293.61, 0.051
4392.63
 - 3227.47, 0.058
 - 3088.63, 0.043
 - 2529.25, 0.049
 - 2390.92, 0.045
 - 1293.61, 0.15
 - 0, 0.32
4411.01
 - 2529.25, 0.045
 - 1293.61, 0.086
 - 0, 0.13
4430.46
 - 2843.84, 0.035
 - 2027.5, 0.084
 - 0, 0.08
4480.19
 - 3344.39, 0.019
 - 2225.45, 0.088
 - 1293.61, 0.17
4511.47
 - 2650.47, 0.061
 - 2585.61, 0.051
 - 1756.85, 0.18
 - 0, 0.11
4548.46
 - 0, 0.17
4584
 - 0, 0.1
4649.19
 - 2112.33, 0.035
 - 2027.5, 0.1
 - 1293.61, 0.048
 - 0, 0.2
4852.7
 - 1293.61, 0.08
 - 0, 0.08
4877.18
 - 2585.61, 0.061
 - 0, 0.123
4892.57
 - 1293.61, 0.076
 - 0, 0.075
4925.93
 - 2650.47, 0.037
 - 1293.61, 0.122
 - 0, 0.13
4952.08
 - 2650.47, 0.066
 - 1293.61, 0.18
5055.57
 - 3344.39, 0.35
 - 2843.84, 0.13
5066.23
 - 1756.85, 0.09
 - 0, 0.03
5174.4
 - 1756.85, 0.033
 - 0, 0.09
5242.31
 - 2960.07, 0.067
 - 1293.61, 0.04
5357.9
 - 2225.45, 0.06
 - 2027.5, 0.35
 - 1293.61, 0.13
5395.5
 - 3344.39, 0.22
 - 1293.61, 0.13
5474.9
 - 1293.61, 0.15
 - 0, 0.04
5484.26
 - 2027.5, 0.1
 - 0, 0.03
5493
 - 0, 0.051
5562.79
 - 2585.61, 0.09
 - 2266.23, 0.07
 - 1293.61, 0.15
5667.8
 - 2112.33, 0.06
 - 1756.85, 0.057
5716.4
 - 2225.45, 0.06
 - 1293.61, 0.14
5767.22
 - 2266.23, 0.15
 - 2027.5, 0.035
 - 1293.61, 0.19
5923.6
 - 2112.33, 0.03
 - 1293.61, 0.05
5968.5
 - 2960.07, 0.05
 - 2390.92, 0.026
 - 2112.33, 0.04
5989.53
 - 2225.45, 0.042
 - 2112.33, 0.06
 - 1293.61, 0.65
5995.61
 - 2027.5, 0.18
 - 1293.61, 0.25
6041.79
 - 2390.92, 0.034
 - 2225.45, 0.1
6116.59
 - 3088.63, 0.048
 - 1756.85, 0.053
 - 1293.61, 0.05
6130.97
 - 1756.85, 0.16
 - 1293.61, 0.052
6152.1
 - 2225.45, 0.02
 - 1293.61, 0.068
6159.59
 - 1293.61, 0.21
 - 0, 0.059
6198.73
 - 2650.47, 0.074
 - 2266.23, 0.08
 - 1756.85, 0.28
 - 1293.61, 0.037
6357.7
 - 2112.33, 0.043
 - 1756.85, 0.07
6373
 - 2843.84, 0.06
 - 1293.61, 0.07
6405.61
 - 2112.33, 0.18
6428.1
 - 2801.35, 0.04
 - 2790.57, 0.065
 - 2585.61, 0.07
 - 2266.23, 0.1
6436.17
 - 2843.84, 0.1
 - 2790.57, 0.02
 - 2225.45, 0.046
 - 1293.61, 0.044
6468.61
 - 2790.57, 0.057
 - 2390.92, 0.04
 - 1756.85, 0.053
 - 1293.61, 0.033
6482.6
 - 3088.63, 0.06
 - 2960.07, 0.05
 - 2650.47, 0.04
 - 2390.92, 0.14
 - 2225.45, 0.04
 - 1756.85, 0.08
 - 1293.61, 0.048
6510.57
 - 2790.57, 0.07
 - 2650.47, 0.03
 - 2027.5, 0.16
 - 1293.61, 0.15
6532.06
 - 3179.72, 0.09
 - 2225.45, 0.13
 - 1293.61, 0.036
6717.26
 - 1756.85, 0.136
 - 1293.61, 0.43
6754.08
 - 2960.07, 0.03
 - 2112.33, 0.09
 - 1293.61, 0.08
7035.05
 - 2585.61, 0.22
 - 2266.23, 0.09
 - 2225.45, 0.35
7173.9
 - 3236.04, 0.04
 - 2112.33, 0.024
 - 1756.85, 0.03
7224.7
 - 3088.63, 0.13
 - 1293.61, 0.03
7246.4
 - 2112.33, 0.03
 - 1293.61, 0.03
7325.31
 - 2650.47, 0.113
 - 2545.74, 0.05
 - 2390.92, 0.057
 - 2027.5, 0.08
7659.88
 - 2843.84, 0.063
 - 2545.74, 0.058
 - 2390.92, 0.03
7692.82
 - 2266.23, 0.06
 - 2225.45, 0.1
 - 2112.33, 0.05
9563.56
 - 7692.82, 0.036
 - 7659.88, 0.074
 - 7035.05, 0.054
 - 6468.61, 0.11
 - 6436.17, 0.106
 - 6405.61, 0.14
 - 6159.59, 0.24
 - 6152.1, 0.047
 - 5995.61, 0.07
 - 5989.53, 0.17
 - 5716.4, 0.03
 - 5667.8, 0.064
 - 5562.79, 0.06
 - 5493, 0.06
 - 5242.31, 0.03
 - 5066.23, 0.048
 - 4952.08, 0.03
 - 4892.57, 0.05
 - 4877.18, 0.067
 - 4649.19, 0.26
 - 4584, 0.112
 - 4548.46, 0.08
 - 4511.47, 0.033
 - 4480.19, 0.23
 - 4411.01, 0.092
 - 4392.63, 0.14
 - 4308.48, 0.024
 - 4278.38, 0.06
 - 4251.73, 0.09
 - 4238.5, 0.15
 - 4211.59, 0.064
 - 4201.53, 0.72
 - 4162.41, 0.07
 - 4113.9, 0.4
 - 4076.03, 0.02
 - 4037.4, 0.03
 - 4026.75, 0.06
 - 4013.16, 0.23
 - 4001.07, 0.34
 - 3952.9, 0.036
 - 3916.97, 0.11
 - 3904.91, 0.09
 - 3903.62, 0.05
 - 3806, 0.03
 - 3776.79, 0.04
 - 3711.91, 0.066
 - 3658.69, 0.46
 - 3593.84, 0.054
 - 3586.63, 0.05
 - 3508.36, 0.12
 - 3469.71, 0.11
 - 3416.58, 0.08
 - 3333.81, 0.34
 - 3315.04, 0.03
 - 3227.47, 0.32
 - 3088.63, 0.05
 - 2960.07, 0.38
 - 2843.84, 0.03
 - 2790.57, 0.022
 - 2650.47, 0.1
 - 2585.61, 0.04
 - 2545.74, 0.23
 - 2225.45, 0.15
 - 2112.33, 0.29
 - 1756.85, 0.022
 - 1293.61, 0.045
 - 0, 0.055
