61.413
 - 0, 24.7506
78.0914
 - 0, 19.976
121.497
 - 0, 8.0957
137.472
 - 61.413, 3.8411
163.559
 - 137.472, 1
 - 137.472, 1.01785e-09
167.229
 - 121.497, 3.51
 - 78.0914, 0.102222
 - 61.413, 5.8254
192.959
 - 78.0914, 8.41984
209.651
 - 137.472, 0.111499
 - 61.413, 5.82981
255.498
 - 209.651, 0.9758
 - 167.229, 2.89476
 - 78.0914, 0.161881
 - 61.413, 1.07722
 - 0, 0.567728
264.426
 - 192.959, 4.62
 - 78.0914, 0.028
265.111
 - 163.559, 0.9384
271.763
 - 264.426, 0.6
282.65
 - 192.959, 0.088896
 - 167.229, 0.227452
 - 78.0914, 0.70603
 - 61.413, 0.056
 - 0, 4.97664
311.261
 - 282.65, 6.1
 - 264.426, 0.9915
 - 192.959, 0.103
 - 137.472, 0.043
 - 78.0914, 1.8037
 - 61.413, 0.076
 - 0, 0.11
323.092
 - 255.498, 0.4395
 - 167.229, 0.03
 - 121.497, 1.8198
 - 61.413, 0.16
333.68
 - 209.651, 0.89847
 - 192.959, 0.022
 - 167.229, 1.56536
 - 61.413, 0.3661
393.699
 - 255.498, 0.1932
 - 209.651, 0.62886
 - 137.472, 0.21
 - 61.413, 1.20997
396.937
 - 323.092, 0.07
 - 255.498, 1.3596
 - 167.229, 0.39
 - 121.497, 0.165
 - 61.413, 0.12
413.765
 - 265.111, 0.3618
 - 264.426, 0.164811
425.148
 - 311.261, 0.39468
 - 271.763, 0.157
 - 192.959, 0.75593
453.748
 - 167.229, 0.65457
 - 61.413, 0.2
 - 0, 0.21
480.435
 - 271.763, 0.025
 - 265.111, 0.011
481.339
 - 61.413, 1.17531
483.651
 - 396.937, 0.284886
 - 393.699, 0.12428
 - 333.68, 0.28872
 - 323.092, 0.054
 - 255.498, 0.067
 - 209.651, 0.582792
 - 167.229, 0.09
586.054
 - 453.748, 0.09179
 - 333.68, 0.073
 - 323.092, 0.045
 - 255.498, 0.574448
 - 167.229, 0.21
631.82
 - 0, 1.18
642.565
 - 425.148, 0.216
 - 311.261, 0.21
 - 264.426, 0.844608
 - 192.959, 0.13
658.442
 - 393.699, 0.082
 - 333.68, 0.074
 - 167.229, 0.59
667.553
 - 323.092, 0.117
 - 121.497, 0.4
693.995
 - 425.148, 0.036
 - 413.765, 0.019
 - 311.261, 0.052
 - 271.763, 0.4
 - 192.959, 0.14
702.727
 - 480.435, 0.018
 - 413.765, 0.033
 - 265.111, 0.23
796.66
 - 311.261, 0.3
 - 282.65, 0.48
 - 192.959, 0.32
 - 78.0914, 0.28
 - 0, 0.24
824.953
 - 642.565, 0.019
 - 631.82, 0.05
 - 282.65, 0.47
 - 78.0914, 0.546
 - 0, 0.41
868.58
 - 396.937, 0.14
 - 393.699, 0.12
920.57
 - 78.0914, 0.34
 - 0, 1.04
