27.362
 X 0, 64.5667
85.47
 X 27.362, 45.0511
128.237
 X 85.47, 12.9954
133.611
 X 85.47, 1.16973
 X 27.362, 2.82031
 X 0, 54.2131
137.85
 X 85.47, 12.9426
143.994
 X 133.611, 0.0583
151.642
 X 85.47, 0.1431
 X 27.362, 8.81666
160.756
 X 27.362, 2.28731
 X 0, 6.28591
167.367
 X 137.85, 20.335
180.377
 - 160.756, 0.999986
 - 160.756, 1.43702e-05
 X 85.47, 0.594024
 X 27.362, 7.63464
220.926
 X 27.362, 3.87642
226.101
 - 167.367, 4.39667
232.577
 - 151.642, 0.37418
 X 128.237, 0.21412
 X 85.47, 4.23689
234.486
 - 167.367, 12.0024
 X 137.85, 1.54675
269.711
 - 167.367, 1.20734
294.357
 X 226.101, 0.8268
 - 167.367, 1.44922
 X 137.85, 3.78019
295.667
 - 220.926, 0.10812
 X 180.377, 0.18232
 - 160.756, 0.51198
 - 151.642, 0.67204
 X 27.362, 2.12276
344.516
 X 232.577, 0.27136
 X 180.377, 1.61671
 X 85.47, 0.651688
372.12
 - 160.756, 0.1484
 X 27.362, 2.6606
376.623
 X 234.486, 6.12315
 X 143.994, 0.30846
385.447
 - 160.756, 0.25652
 X 85.47, 0.3074
 X 0, 2.0988
386.592
 X 226.101, 0.318
 X 137.85, 3.95096
392.003
 - 160.756, 0.612438
 X 27.362, 0.3604
 X 0, 1.5264
416.281
 X 180.377, 0.7844
 - 160.756, 0.878062
 X 85.47, 0.4664
 X 27.362, 0.7208
426.339
 - 220.926, 0.63034
 - 160.756, 0.1802
 X 27.362, 0.6572
434.355
 X 143.994, 0.30316
435.511
 X 376.623, 0.2226
 X 143.994, 0.3551
 X 133.611, 6.10655
485.421
 - 392.003, 0.0371
 - 220.926, 0.3498
 X 27.362, 0.6678
518.455
 X 386.592, 0.5512
 X 294.357, 2.39826
 X 234.486, 0.665256
 X 143.994, 0.9964
 X 137.85, 0.21624
521.08
 X 294.357, 0.2226
 - 269.711, 0.3604
 X 226.101, 0.1696
 X 137.85, 0.3286
529.965
 - 416.281, 0.06678
 X 232.577, 0.4028
 X 27.362, 1.1342
549.733
 X 232.577, 0.371
 X 180.377, 0.5194
552.32
 - 269.711, 0.42188
554.43
 X 435.511, 0.0636
 X 376.623, 0.212
 X 137.85, 1.696
 X 133.611, 3.551
608.704
 X 435.511, 0.3286
 X 386.592, 0.21624
 X 294.357, 1.43553
 X 234.486, 1.4416
657.21
 X 232.577, 0.4134
 X 128.237, 0.7738
687.05
 X 435.511, 0.914409
 X 434.355, 0.23638
 X 386.592, 0.29256
 X 376.623, 0.424
 X 294.357, 0.954
728.183
 - 521.08, 0.966566
 - 521.08, 0.0334339
934.02
 - 608.704, 0.3074
 X 376.623, 0.9222
1250.29
 X 386.592, 0.05194
 X 137.85, 0.106
 X 133.611, 0.0848
