601.01
 - 0, 100
986.17
 - 601.01, 30
1302.61
 - 601.01, 2.3
 - 0, 12
1461.28
 - 601.01, 1.3
1668.15
 - 986.17, 0.97
 - 601.01, 1.9
1715.48
 - 601.01, 0.27
 - 0, 0.59
1841.51
 - 1302.61, 9.9
 - 0, 3
1936.45
 - 1668.15, 2.1
 - 986.17, 3.5
 - 601.01, 2.5
2195.8
 - 1302.61, 2.3
2452.4
 - 986.17, 0.9
2490.38
 - 1302.61, 1.1
 - 986.17, 1.9
 - 601.01, 0.48
 - 0, 1.6
2608.8
 - 1715.48, 2.3
 - 601.01, 0.24
4025.4
 - 2608.8, 1
 - 2490.38, 6.7
 - 2452.4, 0.43
 - 2195.8, 1.5
 - 1936.45, 5.3
 - 1841.51, 12
 - 1461.28, 0.44
 - 986.17, 15
 - 601.01, 46
