667.83
 - 0, 379
1298.1
 - 667.83, 79.2
 - 0, 7.2
1440.56
 - 667.83, 100
1803.93
 - 1440.56, 2.1
 - 1298.1, 22.3
 - 667.83, 25.1
1963.26
 - 1440.56, 15.4
 - 667.83, 4.7
1986.08
 - 667.83, 50.1
 - 0, 30.1
2040.6
 - 1440.56, 29.5
2110.2
 - 1298.1, 4.5
 - 667.83, 3.3
2167.7
 - 1440.56, 2.3
2169.3
 - 667.83, 2.2
 - 0, 0.37
2187.63
 - 1298.1, 4.8
 - 667.83, 5
 - 0, 1.7
2350.96
 - 1803.93, 5.3
 - 1440.56, 2.8
2395.4
 - 1440.56, 4.1
2425.1
 - 1803.93, 4.9
 - 1440.56, 5.3
 - 667.83, 2.1
2469.17
 - 2040.6, 2.6
 - 1986.08, 31
 - 1440.56, 22.5
 - 1298.1, 12.2
 - 667.83, 15.2
2512.4
 - 2187.63, 4.7
 - 2040.6, 10.6
2556.12
 - 1986.08, 10.6
 - 1440.56, 8.4
 - 667.83, 13.4
2587.3
 - 667.83, 1
2670.1
 - 1298.1, 2
 - 667.83, 1.1
2713.5
 - 0, 4.2
2754.1
 - 667.83, 1.1
2873
 - 2040.6, 6.1
3181.51
 - 2040.6, 2.8
3243.7
 - 1963.26, 2.3
8934.7
 - 0, 0.95
 - 0, 0.12
 - 2556.12, 1.07
 - 2469.17, 5.94
 - 0, 0.06
 - 1298.1, 0.04
 - 667.83, 0.57
