536.03
 - 0, 107.5
1122.17
 - 536.03, 25.3
 - 0, 5.7
1204.2
 - 536.03, 10.2
1590.4
 - 1122.17, 0.31
 - 536.03, 0.24
1632.53
 - 536.03, 8.3
1792.9
 - 536.03, 3.5
1808.5
 - 1122.17, 0.5
2017.24
 - 1122.17, 2.2
 - 536.03, 4.7
2059.2
 - 1204.2, 0.6
2149.9
 - 536.03, 9.4
2171.4
 - 1204.2, 0.5
2385.2
 - 1122.17, 7.5
2501.6
 - 536.03, 1.9
2543.4
 - 536.03, 1.5
2763.7
 - 0, 2.3
3070.1
 - 1122.17, 2.5
9255.8
 - 3070.1, 0.85
 - 2543.4, 0.15
 - 2385.2, 0.18
 - 1792.9, 0.18
 - 1122.17, 0.2
 - 536.03, 0.07
 - 0, 0.03
