627.3
 - 0, 92.1
1081.96
 - 627.3, 26.709
1420.66
 - 627.3, 0.23946
 - 0, 2.49591
1679.9
 - 0, 0.40524
1698.61
 - 0, 1.17888
1748.14
 - 1081.96, 1.32624
 - 627.3, 2.09988
 - 0, 0.56181
1895.45
 - 627.3, 1.66701
1946.02
 - 627.3, 0.50655
 - 0, 0.72759
1951.54
 - 0, 1.1973
2129.17
 - 1420.66, 1.18809
 - 1081.96, 2.05383
 - 627.3, 1.76832
 - 0, 1.17888
2155.4
 - 0, 0.4605
2158.82
 - 1420.66, 0.49734
 - 1081.96, 0.88416
 - 627.3, 0.67233
2185.55
 - 1081.96, 1.54728
 - 627.3, 1.80516
2435.25
 - 1748.14, 0.14736
 - 1081.96, 1.31703
2480.74
 - 2185.55, 0.921
 - 2129.17, 0.921
 - 627.3, 2.0262
 - 0, 0.60786
2485.56
 - 1081.96, 0.32235
2549.71
 - 1420.66, 0.07368
 - 627.3, 0.35919
 - 0, 0.32235
2569.86
 - 1420.66, 0.05526
 - 1081.96, 0.19341
 - 0, 0.30393
4723.48
 - 2569.86, 0.56181
 - 2549.71, 0.51576
 - 2485.56, 0.90258
 - 2480.74, 3.50901
 - 2435.25, 2.2104
 - 2185.55, 3.38928
 - 2158.82, 1.7499
 - 2129.17, 5.84835
 - 1946.02, 0.39603
 - 1895.45, 1.49202
 - 1748.14, 2.77221
 - 1081.96, 19.0647
 - 627.3, 51.576
