220.969
 - 0, 36.1
268.21
 - 0, 1.38
480.55
 - 0, 17.45
587.825
 - 220.969, 3.67
 - 0, 11.82
714.19
 - 268.21, 5.93
855.04
 - 480.55, 2.52
 - 220.969, 3.03
 - 0, 2.23
874.54
 - 0, 2.12
910.33
 - 587.825, 0.26
 - 220.969, 1.51
 - 0, 4.06
979.95
 - 220.969, 0.51
 - 0, 3.64
1213.69
 - 587.825, 0.2
 - 0, 2.68
1225.81
 - 587.825, 0.73
 - 480.55, 0.55
 - 0, 2.28
1238.81
 - 480.55, 0.12
 - 0, 1.07
1298.62
 - 587.825, 0.81
 - 220.969, 0.33
 - 0, 0.33
1445.6
 - 714.19, 0.2
 - 480.55, 0.1
1584.49
 - 220.969, 11.64
1609.25
 - 587.825, 0.72
 - 480.55, 0.35
 - 220.969, 0.45
 - 0, 0.39
1670.61
 - 714.19, 1.74
1719.46
 - 979.95, 0.18
 - 855.04, 0.24
 - 480.55, 1.07
 - 0, 0.66
1787.36
 - 714.19, 0.88
1964.85
 - 1225.81, 0.18
 - 910.33, 0.52
 - 874.54, 0.31
 - 0, 0.38
1991.13
 - 587.825, 0.4
 - 480.55, 0.42
1997.55
 - 1584.49, 0.8
 - 855.04, 0.38
 - 220.969, 1.11
2077.18
 - 587.825, 0.6
 - 220.969, 1.64
 - 0, 1.42
2396.6
 - 480.55, 0.4
 - 0, 0.18
2447.77
 - 979.95, 0.29
 - 855.04, 0.1
 - 587.825, 0.46
 - 220.969, 0.54
 - 0, 3.52
2579.2
 - 480.55, 1.03
 - 0, 0.28
2658.5
 - 480.55, 0.28
 - 0, 1.14
2687.96
 - 220.969, 0.56
 - 0, 0.36
2710.74
 - 1609.25, 0.47
 - 220.969, 0.48
 - 0, 0.49
2730.03
 - 1609.25, 0.34
 - 587.825, 0.91
 - 220.969, 0.26
 - 0, 2.57
2873
 - 220.969, 1.28
 - 0, 1.29
2888.1
 - 0, 0.23
2897.1
 - 587.825, 0.2
 - 480.55, 0.18
3085.81
 - 1670.61, 0.45
 - 220.969, 0.84
 - 0, 0.36
3092.68
 - 1991.13, 0.47
 - 220.969, 1.29
 - 0, 0.52
3154.1
 - 587.825, 0.68
 - 0, 0.1
3169.2
 - 1670.61, 0.6
 - 0, 0.41
3294
 - 855.04, 0.27
 - 0, 0.76
3510.3
 - 2579.2, 0.4
 - 0, 0.22
3632.5
 - 220.969, 0.24
3786
 - 1609.25, 0.28
 - 587.825, 0.43
6971.82
 - 3786, 0.18
 - 3632.5, 0.14
 - 3510.3, 0.73
 - 3294, 0.42
 - 3169.2, 0.35
 - 3154.1, 1.53
 - 3092.68, 0.66
 - 3085.81, 0.86
 - 2897.1, 1.16
 - 2888.1, 0.39
 - 2873, 1.03
 - 2730.03, 2.89
 - 2710.74, 0.79
 - 2687.96, 0.82
 - 2658.5, 1.08
 - 2579.2, 0.55
 - 2447.77, 3.51
 - 2396.6, 0.22
 - 2077.18, 2.39
 - 1997.55, 0.93
 - 1964.85, 0.46
 - 1719.46, 0.71
 - 1670.61, 1.49
 - 1609.25, 0.33
 - 1584.49, 5.8
 - 1298.62, 0.37
 - 1225.81, 0.23
 - 587.825, 0.42
 - 0, 0.93
