632.5
 - 0, 0.3
808.2
 - 0, 34.2
862.1
 - 0, 14.8
1154.1
 - 808.2, 0.1
 - 0, 8.8
1165.2
 - 0, 0.6
1172.5
 - 0, 2
1572.4
 - 0, 5.7
1620.5
 - 632.5, 0.5
 - 0, 0.8
1628.7
 - 808.2, 0.2
 - 0, 1.1
1835.2
 - 862.1, 1.7
 - 808.2, 1.3
 - 0, 1.1
1913.4
 - 1172.5, 0.8
 - 808.2, 1.5
 - 0, 1.5
1993.3
 - 1172.5, 0.2
 - 808.2, 0.4
 - 0, 0.6
2027.4
 - 862.1, 0.6
 - 0, 1.6
2061.5
 - 1572.4, 0.7
 - 0, 1.3
2202
 - 0, 1.1
2232.1
 - 0, 0.2
2272.7
 - 1154.1, 0.2
 - 0, 0.2
2313.9
 - 0, 0.8
 - 808.2, 0.6
 - 632.5, 0.8
2488.6
 - 1572.4, 0.5
2537.3
 - 862.1, 0.3
 - 0, 1.3
5144.8
 - 2537.3, 1.1
 - 2488.6, 1.1
 - 2313.9, 0.9
 - 2272.7, 1.4
 - 2232.1, 1.7
 - 2202, 0.8
 - 2061.5, 5.1
 - 2027.4, 1.2
 - 1993.3, 3.8
 - 1913.4, 4.1
 - 1835.2, 3.2
 - 1628.7, 2.9
 - 1620.5, 2.9
 - 1572.4, 4.3
 - 1172.5, 0.7
 - 1154.1, 7.2
 - 862.1, 9.8
 - 808.2, 100
 - 632.5, 0.43
 - 0, 0.28
