160.4
 - 0, 173
434
 - 0, 248
514.1
 - 160.4, 74
 - 0, 174
763
 - 434, 26
 - 160.4, 58
 - 0, 37.4
825.7
 - 160.4, 50.4
 - 0, 59
836.9
 - 434, 3.9
 - 0, 35.9
866.6
 - 160.4, 7
 - 0, 70.1
1105.2
 - 514.1, 15
 - 0, 35
1179.3
 - 763, 108
 - 514.1, 50.4
 - 160.4, 7.8
1259.7
 - 434, 59
1270.9
 - 160.4, 64.4
 - 0, 12
1435.3
 - 514.1, 5.6
1475.8
 - 763, 29.8
1602.7
 - 514.1, 39
1886.9
 - 0, 8.6
1951.7
 - 514.1, 12.6
7480.7
 - 1602.7, 0.06
 - 1270.9, 0.25
 - 1105.2, 0.08
 - 825.7, 0.17
 - 160.4, 0.97
 - 0, 0.5
