780.4
 - 0, 9
920.2
 - 780.4, 1.9
1050.9
 - 0, 1.4
1249.7
 - 0, 4.9
1285.3
 - 0, 1.3
1403.8
 - 1050.9, 2.4
 - 780.4, 0.8
1714
 - 920.2, 3.6
 - 780.4, 2.8
1744.8
 - 780.4, 1.1
 - 0, 2.6
1884.5
 - 920.2, 1.1
 - 0, 1.1
2035.7
 - 0, 1.3
2107.2
 - 0, 0.3
2270.4
 - 920.2, 1.1
 - 780.4, 2.7
 - 0, 1.6
2626.2
 - 920.2, 2.9
 - 780.4, 2.8
2703
 - 0, 1.2
3220
 - 1714, 6.1
 - 780.4, 1.2
5756
 - 3220, 5.1
 - 0, 6.2
 - 2626.2, 6.6
 - 2270.4, 1.5
 - 2107.2, 0.7
 - 2035.7, 3.5
 - 1884.5, 3
 - 1744.8, 26.1
 - 1714, 7.2
 - 920.2, 97
 - 780.4, 13
