696.49
 - 0, 1005.11
1314.5
 - 696.49, 398.507
1510.63
 X 1314.5, 4
 - 696.49, 146.733
1560.8
 - 696.49, 126.288
 - 0, 11.9
1791.3
 X 1314.5, 57.6647
2072.7
 - 696.49, 22.1356
 - 0, 9.5
2093.1
 - 1791.3, 4.1
 X 1510.63, 4.9
 X 1314.5, 23.3373
2109.4
 - 696.49, 56
2179
 X 1510.63, 4.61655
 X 1314.5, 31.7296
 - 696.49, 17.9233
2185.1
 - 0, 8.2
2204.6
 X 1314.5, 2.3
2218
 - 1791.3, 16.9
2295.4
 X 1560.8, 2.7
 X 1510.63, 5.6
 X 1314.5, 35.5
 - 696.49, 5.6
2321
 X 1314.5, 2.7
2368.5
 - 696.49, 28.4
 - 0, 6.9
2399
 - 1791.3, 6.5
2420
 - 2218, 12.0271
 - 2109.4, 7.1
 - 1791.3, 2.7
2452.6
 X 1314.5, 19.7402
 - 696.49, 7.3
2508.3
 X 1560.8, 2.4
2528.3
 X 1560.8, 2.3
 - 0, 7.7
2564.1
 - 2109.4, 7.1
 X 1560.8, 4.2
 X 1510.63, 2.3
2581.47
 - 696.49, 2.6
2592.17
 - 696.49, 11.4
2601.12
 X 1314.5, 9.5
2605.61
 X 1510.63, 6.1
 - 696.49, 8.8
2613.87
 - 696.49, 1
2655.2
 X 1314.5, 8
2681.4
 X 1510.63, 2.7
2692.5
 X 1314.5, 5.1
2715.3
 - 1791.3, 1.8
 X 1314.5, 3.4
2719.07
 - 696.49, 1.8
2733.1
 X 1560.8, 2.1
 X 1314.5, 10.4
 - 696.49, 2.1
2775.1
 - 2093.1, 3.1
 - 0, 3.5
2778.7
 - 696.49, 3.9
2803.5
 X 1314.5, 1.9
 - 0, 2.9
2808.2
 - 1791.3, 4.5
 X 1314.5, 2.5
2828.7
 X 1560.8, 1.9
 - 696.49, 5.2
2834.3
 - 2295.4, 4.5
 X 1510.63, 3.1
2839
 - 696.49, 3.6
2868.3
 X 1510.63, 9.9
2887.2
 X 1314.5, 6.2
2901
 - 2179, 3
 X 1560.8, 3.1
 X 1510.63, 5.5
 X 1314.5, 1.2
 - 696.49, 3.8
2945.7
 - 2218, 2.6
2967.5
 X 1314.5, 1.6
2986.6
 X 1314.5, 5.3
2999.6
 X 1510.63, 3.9
3026.1
 - 2452.6, 5.3
 - 2109.4, 1.7
 X 1510.63, 13.4
 X 1314.5, 3.8
3030.97
 - 2218, 1.7
3042.4
 - 696.49, 7.7
3052.97
 - 2218, 9.8
3064.02
 X 1314.5, 1.9
3070.27
 - 696.49, 8.7
3084.58
 - 2179, 1.3
3126.34
 X 1314.5, 2.4
 - 696.49, 9.7
3133.8
 - 2093.1, 2.9
3146.4
 X 1510.63, 3
 X 1314.5, 5.4
3201.52
 - 2179, 2.7
 - 696.49, 6.1
3221.79
 X 1560.8, 5.3
3251.49
 X 1560.8, 2.1
3254
 X 1510.63, 3.1
 X 1314.5, 2.5
 - 696.49, 6.1
3272
 X 1314.5, 2.7
3281
 X 1314.5, 5.9
3285
 X 1510.63, 5.9
3341.2
 X 1314.5, 1
3350
 - 696.49, 8.1
3377
 - 2093.1, 1.7
 X 1510.63, 5.1
3380
 X 1560.8, 4.5
3409
 - 2109.4, 6.2
 X 1314.5, 3.4
 - 696.49, 4.8
3460
 - 2093.1, 2.4
 X 1510.63, 5.3
3486
 X 1314.5, 4.1
3495
 X 1510.63, 1.8
3560
 X 1510.63, 2.8
3578
 X 1314.5, 3
3660.8
 - 2179, 4.9
3737
 - 2601.12, 1
3781.8
 X 1510.63, 8.2
