453.72
 X 0, 101.536
1043.14
 - 453.72, 32.4463
1189.53
 - 453.72, 15.8277
1376.92
 - 453.72, 1.5018
 X 0, 2.7
1470.96
 - 453.72, 6.41427
 X 0, 6
1517.51
 - 1043.14, 6.1
1745.58
 - 1189.53, 2.10672
 - 1043.14, 2.11533
 - 453.72, 0.811085
1769.7
 - 1043.14, 1
1777.52
 X 0, 2.8392
 - 1043.14, 3.71665
 - 453.72, 6.4
1787.4
 - 1189.53, 0.34
 - 453.72, 2.50425
 X 0, 0.17
1906.2
 - 453.72, 1.9
 X 0, 0.09
1911.1
 - 1189.53, 0.07
1919.06
 - 1470.96, 1.1
 - 1189.53, 0.5
 - 1043.14, 1.90568
 - 453.72, 1.7
1978.18
 - 1189.53, 0.51
 - 453.72, 3.10422
 X 0, 0.23
1989.29
 - 1769.7, 2.8
 X 0, 0.5
 - 1189.53, 2.8
 - 1043.14, 1.90196
 - 453.72, 0.890917
2045.84
 - 1517.51, 0.56
 - 1043.14, 1.07
2072.75
 - 1189.53, 1.40476
2096.2
 - 1189.53, 0.74
 - 1043.14, 1.2
2119.5
 - 453.72, 0.24
 X 0, 0.260225
2168.17
 - 1787.4, 2.2
 - 1517.51, 0.48
 - 1189.53, 1.8
 - 1043.14, 1.2
2197.71
 - 453.72, 1.5
2220.27
 - 453.72, 1
2226.5
 - 1189.53, 0.25
 - 1043.14, 0.24
2231
 - 453.72, 0.12
2286.6
 - 1043.14, 0.65
 - 453.72, 0.25
2302.6
 - 1777.52, 0.4
2311
 - 1745.58, 0.4
 - 1043.14, 0.33
2324.8
 - 1517.51, 0.68
2356.84
 - 1189.53, 1.20086
 - 1043.14, 0.97
 - 453.72, 0.38
2433.7
 - 1189.53, 0.25
2435.29
 - 1043.14, 0.27
 - 453.72, 0.42
2438.6
 - 453.72, 0.43
2469.91
 - 1745.58, 0.22
 - 1043.14, 0.41
2484
 - 453.72, 0.18
2491.56
 - 1043.14, 0.24
 - 453.72, 0.46
2516.71
 - 1376.92, 0.73
2521.56
 - 1745.58, 0.37
 - 1189.53, 0.59
 - 1043.14, 1
2552.51
 - 1470.96, 0.34
 - 1189.53, 1.30156
 X 0, 0.1
2562.09
 - 453.72, 0.46
2573.88
 - 1989.29, 0.12
 - 453.72, 0.38
2589.73
 - 1517.51, 0.4
 - 453.72, 0.71
2602.8
 - 453.72, 0.53
2660.83
 - 453.72, 0.23
2663.7
 - 1769.7, 0.4
2710.9
 - 1517.51, 0.31
2804.3
 - 1745.58, 0.51
 - 1376.92, 0.46
2923.3
 - 1043.14, 0.21
2930.66
 - 1189.53, 0.91
2969.53
 - 1189.53, 0.12
3145.3
 - 453.72, 0.13
3179
 - 1189.53, 0.18
3246.8
 - 453.72, 0.14
3329.6
 - 2226.5, 0.11
 - 1517.51, 0.91
7564.8
 - 2969.53, 6.4
 - 2930.66, 22.7
 - 2660.83, 5.2
 - 2589.73, 29.4
 - 2573.88, 5.4
 - 2562.09, 14
 - 2552.51, 76.4
 - 2521.56, 39.6
 - 2516.71, 24.7
 - 2491.56, 11.5
 - 2469.91, 10.3
 - 2438.6, 3.4
 - 2435.29, 7.5
 - 2433.7, 3.1
 - 2356.84, 47.8
 - 2226.5, 5.5
 - 2220.27, 11.6
 - 2197.71, 15.6
 - 2096.2, 10.2
 - 2072.75, 3.6
 - 1989.29, 24.5
 - 1978.18, 13.7
 - 1919.06, 45.1
 - 1787.4, 11.7
 - 1777.52, 100
 - 1745.58, 5.2
 - 1470.96, 314
 - 1189.53, 17
 - 1043.14, 206
 - 453.72, 390
