83.3682
 - 0, 44
97.4311
 - 0, 192
103.181
 - 0, 121
151.626
 - 97.4311, 12.4
 - 83.3682, 10.1
 - 0, 48
172.854
 - 103.181, 37
 - 97.4311, 1.33
 - 83.3682, 1.19
 - 0, 0.63
193.067
 - 83.3682, 16.3
 - 0, 47
235.282
 - 193.067, 0.5
 - 151.626, 21.7
 - 97.4311, 2.05
 - 83.3682, 26.1
269.737
 - 193.067, 0.23
 - 172.854, 39
 - 151.626, 2.26
 - 103.181, 5.3
 - 97.4311, 4
321.861
 - 235.282, 11.5
 - 193.067, 6.1
 - 151.626, 3.1
325.068
 - 235.282, 3.4
 - 193.067, 3.9
 - 83.3682, 28.3
396.405
 - 321.861, 0.43
 - 269.737, 23.5
 - 235.282, 0.9
 - 172.854, 11.1
 - 151.626, 10.5
403.292
 - 97.4311, 0.9
442.624
 - 403.292, 2.5
 - 269.737, 0.45
 - 193.067, 2.35
448.141
 - 325.068, 4.7
 - 193.067, 0.73
477.929
 - 325.068, 1
 - 321.861, 5.8
 - 235.282, 4
481.054
 - 325.068, 0.78
 - 321.861, 1.3
 - 193.067, 8.5
537.944
 - 396.405, 7.5
 - 321.861, 1.1
 - 269.737, 7.5
 - 235.282, 7
552.475
 - 477.929, 0.43
 - 448.141, 0.26
 - 193.067, 2.9
559.742
 - 448.141, 0.89
 - 321.861, 1.5
589.512
 - 403.292, 0.68
 - 269.737, 3
634.59
 - 103.181, 6
636.522
 - 172.854, 3
 - 103.181, 8.8
 - 97.4311, 8
641.591
 - 559.742, 0.29
 - 442.624, 0.83
654.706
 - 481.054, 0.16
 - 325.068, 2.8
681.86
 - 172.854, 3.9
 - 103.181, 5.4
694.18
 - 172.854, 6.8
 - 97.4311, 8.2
706.622
 - 151.626, 10
 - 103.181, 4.3
 - 97.4311, 11.8
716.177
 - 537.944, 1.5
 - 396.405, 3
797.136
 - 706.622, 0.26
 - 694.18, 0.17
8550.28
 - 706.622, 4.3
 - 694.18, 5.5
 - 396.405, 55.6
 - 269.737, 18.8
 - 193.067, 2.4
 - 172.854, 63.1
 - 97.4311, 2.3
 - 83.3682, 16.7
 - 0, 0.94
8595.88
 - 634.59, 4.6
 - 103.181, 4.2
