146.324
 - 0, 1.44
330.477
 - 146.324, 0.41
507.739
 - 0, 5.2
558.213
 - 0, 2.7
588.478
 - 0, 0.15
601.976
 - 0, 4.3
633.63
 - 0, 0.36
646.637
 - 0, 1.33
744.386
 - 0, 0.6
781.573
 - 507.739, 0.17
 - 0, 0.97
800.45
 - 0, 0.23
818.981
 - 646.637, 0.27
 - 0, 0.36
858.57
 - 0, 0.75
872.66
 - 146.324, 0.12
915.828
 - 601.976, 0.23
974.366
 - 558.213, 0.23
 - 507.739, 1.43
 - 0, 0.45
1001.65
 - 0, 0.66
1061.63
 - 0, 1.64
1079.36
 - 146.324, 1.2
1082.54
 - 0, 0.49
1110.17
 - 146.324, 1.2
1129.07
 - 0, 1.16
1139.85
 - 781.573, 0.17
 - 558.213, 0.11
 - 0, 1.93
1145.61
 - 781.573, 0.26
5943.21
 - 1139.85, 1.2
 - 1129.07, 0.26
 - 1110.17, 0.19
 - 1079.36, 0.53
 - 974.366, 0.14
 - 781.573, 0.16
 - 744.386, 0.24
 - 0, 0.3
 - 558.213, 0.86
 - 507.739, 1.6
 - 0, 4.5
