63.84
 - 0, 207
434.4
 - 63.84, 100
474.59
 - 63.84, 313
514.69
 - 63.84, 11.6
524.76
 - 63.84, 35.3
 - 0, 10.8
682.83
 - 474.59, 58
 - 0, 25
683.05
 - 63.84, 170
686.53
 - 63.84, 25.8
701.4
 - 0, 140
729.21
 - 0, 66
751.25
 - 63.84, 90.3
762.73
 - 474.59, 15.6
 - 0, 88.9
771.4
 - 63.84, 5.1
793.65
 - 434.4, 6.3
 - 0, 75.8
809.11
 - 524.76, 8
 - 474.59, 9.2
 - 0, 24
814.04
 - 474.59, 8.5
 - 63.84, 19.5
 - 0, 9.1
816.25
 - 63.84, 20.9
 - 0, 5.4
841.06
 - 0, 10.9
1041.26
 - 0, 19.6
1049.98
 - 434.4, 9
 - 63.84, 25.4
1059.7
 - 474.59, 9.8
 - 434.4, 3.2
 - 0, 10.6
1231.36
 - 63.84, 8.7
1247.16
 - 686.53, 19.3
 - 524.76, 14.7
 - 474.59, 11
 - 0, 10.7
1316.37
 - 0, 23.2
1349.07
 - 63.84, 23.6
 - 0, 12.6
1387.05
 - 0, 34.9
1490.05
 - 0, 22.1
1521.27
 - 63.84, 3.9
1526.12
 - 0, 25.1
1589.68
 - 0, 16.7
1614.04
 - 0, 9.3
1658.68
 - 0, 6.2
1667.65
 - 0, 21.1
1824.37
 - 63.84, 13.4
1844.93
 - 514.69, 29.2
1867.92
 - 63.84, 3.7
 - 0, 6.1
1927.46
 - 0, 14.3
6359.86
 - 1844.93, 17
 - 1824.37, 159
 - 1667.65, 96
 - 1658.68, 44
 - 1614.04, 302
 - 1589.68, 35
 - 1526.12, 173
 - 1521.27, 21
 - 1490.05, 17
 - 1387.05, 195
 - 1349.07, 72
 - 1316.37, 38
 - 1247.16, 63
 - 1041.26, 28
 - 809.11, 364
 - 793.65, 554
 - 762.73, 202
 - 751.25, 19
 - 729.21, 185
 - 701.4, 37
 - 682.83, 102
 - 524.76, 12
 - 474.59, 121
 - 63.84, 42
 - 0, 1860
