73.392
 X 0, 84.065
242.23
 - 73.392, 30.5085
501.32
 - 242.23, 2.2036
761.8
 - 242.23, 0.35
 - 73.392, 24
 X 0, 18
828.19
 - 242.23, 6.063
 - 73.392, 23
915.98
 - 761.8, 0.06
 - 501.32, 6.2
 - 242.23, 10.111
 - 73.392, 3.4
976.88
 - 828.19, 1.9
 - 761.8, 13.8453
1024.63
 - 242.23, 1.3
1039.3
 - 915.98, 0.93
 - 828.19, 3.96036
 - 761.8, 7.3
 - 73.392, 0.7
1122.76
 - 1024.63, 0.2
 - 976.88, 0.078
 - 915.98, 1
 - 828.19, 5.2
1155.5
 - 501.32, 0.2
 - 242.23, 2.7
1225.15
 - 1039.3, 0.12
 - 1024.63, 0.21
 - 915.98, 1.6
1587.8
 - 1039.3, 1
 - 976.88, 1
2173
 - 828.19, 0.24
 - 761.8, 0.82
 - 242.23, 0.263
7658.11
 - 1039.3, 0.1
 - 976.88, 0.16
 - 828.19, 0.71
 - 761.8, 0.26
 - 242.23, 0.49
 - 73.392, 0.33
