64.55
 - 0, 9.324
74.56
 - 0, 1.85
92.13
 - 64.55, 1.036
177.03
 - 92.13, 0.3922
224.14
 - 74.56, 2.738
 - 64.55, 3.034
241.96
 - 74.56, 0.4218
243.57
 - 92.13, 3.256
285.4
 - 177.03, 0.1554
562.04
 - 92.13, 1.776
 - 64.55, 6.364
 - 0, 1.702
599.31
 - 92.13, 0.703
 - 74.56, 2.072
 - 64.55, 1.184
 - 0, 2.886
654.05
 - 224.14, 3.922
 - 74.56, 0.1258
 - 64.55, 1.776
714.54
 - 92.13, 0.111
 - 74.56, 0.6216
 - 64.55, 1.998
 - 0, 3.626
739.7
 - 74.56, 0.3404
769.51
 - 224.14, 0.1998
 - 74.56, 1.776
 - 64.55, 1.48
853.4
 - 92.13, 0.3552
 - 74.56, 0.3848
 - 64.55, 0.7326
 - 0, 0.3552
860.1
 - 243.57, 0.2368
 - 74.56, 2.59
 - 64.55, 1.85
1081.72
 - 92.13, 3.996
1094.36
 - 92.13, 0.74
 - 74.56, 1.332
 - 64.55, 1.702
 - 0, 5.106
1117.3
 - 177.03, 0.2516
 - 74.56, 0.6586
 - 64.55, 1.48
 - 0, 0.4662
1145.4
 - 714.54, 3.922
 - 599.31, 0.1998
 - 177.03, 0.6142
 - 92.13, 1.48
 - 74.56, 0.148
1360.1
 - 599.31, 0.148
 - 562.04, 0.5106
 - 64.55, 0.2294
 - 0, 0.3478
1386.87
 - 1094.36, 0.0814
 - 654.05, 3.182
 - 599.31, 0.444
 - 92.13, 0.2294
 - 74.56, 0.3848
 - 64.55, 0.333
 - 0, 0.2516
6003.17
 - 1386.87, 4.44
 - 1117.3, 0.2294
 - 1094.36, 7.622
 - 1081.72, 0.1998
 - 860.1, 0.5624
 - 714.54, 0.0888
 - 562.04, 2.22
 - 64.55, 4.884
 - 0, 0.0888
