79.3219
 - 0, 0.378
177.952
 - 79.3219, 0.02625
 - 0, 0.01575
207.801
 - 0, 14.595
264.873
 - 207.801, 1.26
281.574
 - 207.801, 0.273
346.557
 - 0, 5.985
413.272
 - 281.574, 0.3045
 - 264.873, 0.378
430.03
 - 346.557, 0.1155
 - 79.3219, 0.105
 - 0, 0.02835
441.98
 - 281.574, 0.1197
531.49
 - 0, 7.14
573.75
 - 79.3219, 1.197
 - 0, 2.9715
591.82
 - 0, 0.9345
667.908
 - 531.49, 0.01575
 - 430.03, 0.1512
 - 346.557, 0.882
 - 281.574, 0.0987
 - 264.873, 0.147
 - 207.801, 0.0525
 - 0, 0.063
745.51
 - 430.03, 0.04515
 - 346.557, 0.2205
 - 281.574, 0.084
752.78
 - 281.574, 0.357
 - 264.873, 0.945
 - 207.801, 1.155
763.46
 - 346.557, 0.378
 - 264.873, 1.554
801.72
 - 430.03, 0.147
 - 346.557, 0.1575
 - 281.574, 0.2415
 - 207.801, 1.68
810.49
 - 281.574, 1.155
 - 0, 2.541
1058.96
 - 413.272, 0.609
 - 281.574, 0.1155
 - 264.873, 0.294
1086.32
 - 531.49, 0.462
 - 207.801, 0.483
1135.28
 - 531.49, 0.7665
 - 264.873, 0.1785
1179.04
 - 752.78, 0.15015
 - 207.801, 0.483
1206
 - 281.574, 0.2625
 - 264.873, 0.1365
1227.21
 - 264.873, 0.3465
 - 207.801, 0.8085
1254.4
 - 810.49, 0.1596
 - 413.272, 0.2835
 - 264.873, 0.1365
1384.39
 - 346.557, 1.218
1545.4
 - 264.873, 0.441
1641.1
 - 346.557, 0.441
1649.3
 - 264.873, 0.231
 - 207.801, 0.399
1662
 - 752.78, 0.168
 - 207.801, 0.861
1754.8
 - 531.49, 0.4935
6436.1
 - 1754.8, 0.4305
 - 1662, 0.609
 - 1649.3, 0.4095
 - 0, 0.147
 - 1545.4, 0.09975
 - 1384.39, 0.3885
 - 1227.21, 1.1865
 - 1179.04, 0.462
 - 1086.32, 0.4095
 - 801.72, 0.2415
 - 0, 0.0609
 - 752.78, 0.2415
 - 531.49, 0.09135
 - 264.873, 2.415
 - 207.801, 9.555
