104.61
 - 0, 14.5
331.75
 - 104.61, 50.085
432.6
 - 104.61, 0.84
704
 - 104.61, 0.5
832.6
 - 331.75, 0.8
866.9
 - 432.6, 1.8
 - 331.75, 0.4
939.6
 - 331.75, 2.8
997.9
 - 331.75, 0.71
1209
 - 104.61, 0.54
1284.2
 - 331.75, 1
1319.9
 - 432.6, 0.44
 - 331.75, 0.89
1358.8
 - 866.9, 4.2
 - 104.61, 0.64
1416.6
 - 866.9, 0.39
 - 432.6, 1
1592.1
 - 704, 0.44
1657.9
 - 866.9, 2.1
 - 832.6, 0.8
 - 704, 1
1701
 - 1209, 4.2
 - 866.9, 0.69
 - 704, 0.4
 - 331.75, 0.51
1920.4
 - 1592.1, 0.84
 - 1319.9, 0.5
 - 432.6, 0.63
 - 331.75, 0.41
2021.1
 - 1358.8, 0.71
 - 432.6, 0.41
2067.7
 - 997.9, 0.94
2139.7
 - 0, 0.79
2162.1
 - 1209, 1
2179.2
 - 1319.9, 0.61
5566.4
 - 2179.2, 2.1
 - 2162.1, 0.36
 - 2139.7, 0.63
 - 2067.7, 0.23
 - 2021.1, 0.07
 - 1920.4, 0.16
 - 1701, 0.74
 - 1657.9, 2.7
 - 1592.1, 0.11
 - 1416.6, 0.44
 - 1358.8, 0.1
 - 1319.9, 2.9
 - 1284.2, 1.2
 - 1209, 0.2
 - 997.9, 0.21
 - 939.6, 1.3
 - 866.9, 0.22
 - 832.6, 0.05
 - 704, 0.1
 - 331.75, 0.29
