184.13
 - 0, 0.46
388.877
 - 184.13, 0.15
 - 0, 0.06
424.891
 - 184.13, 0.32
 - 0, 0.14
437.349
 - 0, 0.04
487.84
 - 0, 0.07
563.938
 - 0, 2.39
595.754
 - 437.349, 0.04
709.226
 - 487.84, 0.12
 - 0, 0.27
710.073
 - 437.349, 0.33
715.429
 - 595.754, 0.39
722.911
 - 437.349, 0.11
724.71
 - 437.349, 0.1
725.216
 - 563.938, 0.06
734.033
 - 424.891, 0.29
763.645
 - 595.754, 0.16
765.685
 - 563.938, 0.1
 - 184.13, 0.08
 - 0, 0.52
834.807
 - 563.938, 0.13
 - 0, 0.91
838.647
 - 722.911, 0.09
 - 595.754, 0.02
 - 563.938, 0.44
 - 0, 3.4
843.42
 - 722.911, 0.32
 - 595.754, 0.08
848.251
 - 715.429, 0.1
 - 595.754, 0.06
 - 437.349, 0.12
854.661
 - 424.891, 0.07
 - 0, 0.33
860.57
 - 715.429, 0.05
 - 437.349, 0.09
868.109
 - 722.911, 0.05
 - 0, 0.07
870.006
 - 563.938, 0.06
 - 0, 0.84
908.251
 - 722.911, 0.51
921.468
 - 563.938, 0.07
 - 0, 0.62
930.768
 - 595.754, 0.11
938.408
 - 0, 0.09
941.08
 - 765.685, 0.15
945.02
 - 722.911, 0.52
 - 563.938, 0.05
957.74
 - 437.349, 0.15
957.903
 - 763.645, 0.04
 - 722.911, 0.08
960.195
 - 843.42, 0.06
 - 834.807, 0.05
962.89
 - 848.251, 0.04
 - 722.911, 0.05
 - 563.938, 0.04
972.518
 - 834.807, 0.04
 - 0, 0.22
985.568
 - 843.42, 0.05
988.166
 - 870.006, 0.01
 - 595.754, 0.3
1000.85
 - 184.13, 0.31
 - 0, 0.13
1002.77
 - 868.109, 0.05
 - 838.647, 0.04
 - 184.13, 0.1
 - 0, 0.07
1032.38
 - 834.807, 0.04
 - 722.911, 0.09
 - 563.938, 0.04
 - 0, 0.24
1042.53
 - 710.073, 0.05
1067.41
 - 957.903, 0.05
 - 763.645, 0.04
 - 722.911, 0.08
 - 595.754, 0.04
1069
 - 921.468, 0.22
 - 722.911, 0.06
 - 595.754, 0.03
1100.42
 - 860.57, 0.02
6289.56
 - 1032.38, 0.17
 - 988.166, 0.19
 - 957.903, 1.02
 - 945.02, 0.16
 - 921.468, 0.14
 - 908.251, 0.2
 - 868.109, 0.04
 - 860.57, 0.16
 - 843.42, 0.6
 - 734.033, 0.1
 - 722.911, 0.54
 - 595.754, 0.1
