173.7
 - 0, 13.3
187.9
 - 0, 4
242.5
 - 0, 1
390.3
 - 242.5, 1.3
663.6
 - 0, 100
768.39
 - 187.9, 31
 - 0, 22.7
822.77
 - 242.5, 31
 - 0, 100.1
1006.8
 - 0, 32.7
1062.5
 - 822.77, 2
 - 173.7, 37.8
1181.54
 - 663.6, 24
 - 187.9, 10
 - 0, 117
1219.1
 - 242.5, 23.9
 - 187.9, 45
1285.5
 - 187.9, 10
 - 173.7, 10
1441.2
 - 0, 30
1503.5
 - 663.6, 20
 - 173.7, 43
 - 0, 37.6
1535.4
 - 187.9, 30
5753.7
 - 1535.4, 50
 - 1441.2, 43
 - 1285.5, 33
 - 1219.1, 111.4
 - 1181.54, 153
 - 1062.5, 11.3
 - 1006.8, 86
 - 822.77, 43.5
 - 768.39, 27.8
 - 663.6, 100
 - 0, 56.5
