111.216
 - 0, 69.1866
364.072
 - 111.216, 8.0974
748.15
 - 364.072, 0.250056
903.281
 - 364.072, 0.158719
 - 111.216, 11.9671
 - 0, 12.3078
1002.49
 - 111.216, 6.0345
1005.96
 - 364.072, 0.831724
 - 111.216, 6.81858
1121.4
 - 364.072, 2.62491
 - 111.216, 3.42
 - 0, 1.33678
1130.02
 - 1005.96, 0.823092
 - 903.281, 7.37064
 - 111.216, 0.342
1133.74
 - 364.072, 0.762048
 - 111.216, 0.560405
1221.3
 - 1130.02, 0.459762
 - 1005.96, 1.08556
 - 903.281, 2.02612
 - 111.216, 0.180286
1284.88
 - 748.15, 0.0966528
 - 364.072, 0.33099
1294.07
 - 364.072, 0.24
1322.13
 - 903.281, 0.874003
1345.33
 - 1133.74, 0.101203
 - 1005.96, 0.360018
1386.22
 - 1005.96, 0.1284
 - 903.281, 0.618948
 - 111.216, 3.042
 - 0, 2.4419
1424.98
 - 1221.3, 0.139907
 - 1130.02, 1.0197
 - 364.072, 0.24096
 - 111.216, 0.739963
1431
 - 1005.96, 0.108
 - 111.216, 1.284
 - 0, 1.01032
1523.27
 - 111.216, 0.87
1536.88
 - 1221.3, 0.156
 - 111.216, 0.12
1570.2
 - 0, 0.3
1613.51
 - 1005.96, 1.068
 - 903.281, 1.008
 - 111.216, 0.258
1614.87
 - 903.281, 1.044
 - 111.216, 0.57
1627.67
 - 1386.22, 0.117264
 - 903.281, 1.71
1713.44
 - 903.281, 0.3
1775.38
 - 1005.96, 0.204
 - 903.281, 0.402
1808.54
 - 1221.3, 0.18
 - 1130.02, 0.402
 - 1005.96, 0.168
 - 364.072, 0.318
 - 111.216, 0.366
 - 0, 0.276
1876.69
 - 1221.3, 0.12
 - 1130.02, 0.216
 - 111.216, 0.45
 - 0, 0.414
1995.47
 - 0, 1.02
2012.9
 - 1130.02, 0.24
 - 1005.96, 0.33
 - 111.216, 0.156
2031.3
 - 111.216, 0.366
2035.57
 - 903.281, 0.18
 - 0, 1.02
2056.31
 - 111.216, 1.08
 - 0, 0.87
2060.9
 - 1424.98, 0.252
 - 111.216, 0.924
2097.8
 - 111.216, 0.402
 - 0, 0.498
2104.21
 - 1322.13, 0.108
 - 1121.4, 0.168
 - 1005.96, 0.402
2112.5
 - 1130.02, 0.168
2126.08
 - 1130.02, 0.522
 - 1121.4, 0.438
 - 111.216, 0.996
2168.17
 - 1424.98, 0.498
 - 1386.22, 0.108
 - 1322.13, 0.18
 - 1121.4, 0.18
 - 903.281, 0.12
 - 111.216, 0.87
2221.9
 - 1775.38, 0.084
 - 111.216, 0.402
2228.29
 - 1345.33, 0.24
 - 1221.3, 0.33
 - 1130.02, 0.402
2246.32
 - 111.216, 0.366
2294.54
 - 903.281, 0.426
 - 111.216, 0.924
2370.2
 - 111.216, 0.51
 - 0, 0.474
2389.2
 - 0, 0.342
2395.53
 - 1613.51, 0.108
 - 111.216, 1.08
 - 0, 0.192
2403.7
 - 903.281, 0.378
7411.18
 - 2403.7, 0.312
 - 2395.53, 1.554
 - 2389.2, 0.432
 - 2370.2, 0.234
 - 2294.54, 1.104
 - 2246.32, 0.456
 - 2228.29, 0.072
 - 2221.9, 0.12
 - 2168.17, 0.576
 - 2126.08, 1.092
 - 2112.5, 0.108
 - 2104.21, 0.096
 - 2097.8, 0.216
 - 2060.9, 0.264
 - 2056.31, 0.0438
 - 2035.57, 0.252
 - 2031.3, 0.15
 - 2012.9, 0.114
 - 1995.47, 0.0132
 - 1876.69, 0.504
 - 1808.54, 0.162
 - 1775.38, 0.096
 - 1713.44, 0.105
 - 1627.67, 0.246
 - 1614.87, 2.244
 - 1431, 0.36
 - 1386.22, 3.48
 - 1322.13, 0.0744
 - 1221.3, 2.538
 - 1130.02, 0.156
 - 1121.4, 2.286
 - 1002.49, 4.2
 - 903.281, 0.93
 - 111.216, 1.5
 - 0, 6
