186.718
 - 0, 73.6796
547.853
 - 186.718, 11.8101
557.979
 - 186.718, 14.1885
 - 0, 20.469
756.029
 - 557.979, 1.323
 - 547.853, 0.2025
 - 186.718, 16.605
911.78
 - 557.979, 0.4995
 - 186.718, 1.6335
955.372
 - 756.029, 0.0945
 - 557.979, 2.2815
 - 547.853, 1.512
 - 186.718, 0.8775
1050.5
 - 547.853, 0.189
1114.73
 X 911.78, 0.135
 - 756.029, 0.783
 - 557.979, 0.27
 - 547.853, 0.0405
 - 186.718, 2.268
 - 0, 1.1745
1163.21
 - 955.372, 0.0675
 - 756.029, 1.4175
 - 557.979, 2.538
 - 186.718, 0.1215
1203.85
 - 756.029, 0.4995
 - 547.853, 0.2295
1382.87
 - 186.718, 1.566
 - 0, 0.621
1387.02
 - 1163.21, 0.972
 - 955.372, 0.8505
 - 756.029, 1.4715
 - 557.979, 1.3095
 - 547.853, 0.351
 - 186.718, 0.27
 - 0, 0.162
1435.78
 - 1114.73, 0.513
 - 955.372, 0.081
 X 911.78, 0.27
 - 756.029, 0.4455
 - 557.979, 0.5805
 - 547.853, 0.405
 - 186.718, 0.81
1446.24
 - 1163.21, 0.12555
 - 955.372, 0.1755
 - 756.029, 0.1755
1545.36
 - 557.979, 1.134
 - 186.718, 0.702
1568.96
 - 1387.02, 0.6345
 - 756.029, 0.10125
 - 557.979, 0.4995
 - 547.853, 0.1755
1570.3
 - 186.718, 0.621
1584.3
 - 1387.02, 0.2565
 - 1203.85, 0.135
 - 1163.21, 0.0918
 - 547.853, 0.2025
1616
 - 756.029, 0.1215
 - 557.979, 0.3915
 - 547.853, 0.27
 - 186.718, 0.756
 - 0, 0.9315
1675.74
 - 756.029, 0.3915
 - 557.979, 0.9315
 - 186.718, 0.756
1680.6
 - 0, 1.566
1681.6
 - 1163.21, 0.3375
1689
 - 1114.73, 0.1107
 - 756.029, 0.1755
 - 557.979, 0.2565
 - 547.853, 0.1485
 - 186.718, 0.2835
1708.3
 - 955.372, 0.0648
 - 756.029, 0.162
1732.91
 - 557.979, 0.9045
 - 186.718, 1.215
1813.1
 - 557.979, 0.918
 - 186.718, 0.2295
1823.79
 - 756.029, 0.27
 - 557.979, 1.0395
 - 186.718, 0.162
1859.15
 - 955.372, 0.135
 - 756.029, 0.675
 - 557.979, 0.81
 - 547.853, 0.729
 - 186.718, 1.35
1872.9
 - 1584.3, 0.0378
1885.1
 - 557.979, 0.135
1901.9
 - 186.718, 0.9315
1903.5
 - 1163.21, 0.2025
1910.48
 - 955.372, 0.189
 - 756.029, 0.6885
 - 557.979, 0.54
1918.4
 - 186.718, 0.5265
1942.24
 - 557.979, 0.621
 - 0, 0.243
 - 0, 0.297
1957.2
 - 186.718, 0.6075
1970.7
 - 756.029, 0.2295
 - 557.979, 0.297
1992.3
 - 756.029, 0.3105
1994.93
 - 557.979, 1.053
 - 186.718, 0.2025
2025.5
 - 186.718, 0.405
2070.19
 - 557.979, 0.729
 - 186.718, 0.81
2111.7
 - 186.718, 0.243
2118.4
 - 186.718, 0.486
2125
 - 557.979, 0.3915
2135.9
 - 186.718, 0.243
2198.5
 - 557.979, 0.2025
2210.1
 - 186.718, 0.6885
2262.7
 - 0, 0.756
2379.4
 - 186.718, 0.783
7792.2
 - 2379.4, 0.324
 - 2262.7, 1.0665
 - 2210.1, 0.243
 - 2198.5, 0.243
 - 0, 0.108
 - 2111.7, 1.053
 - 2070.19, 0.6885
 - 1994.93, 0.4455
 - 1970.7, 0.108
 - 1942.24, 0.243
 - 1918.4, 0.702
 - 1910.48, 0.8235
 - 1859.15, 3.186
 - 1823.79, 0.2565
 - 1732.91, 0.513
 - 1680.6, 0.4455
 - 1568.96, 0.216
 - 1545.36, 1.0395
 - 1435.78, 0.5805
 - 1382.87, 0.8775
 - 1114.73, 0.162
 - 756.029, 0.297
 - 557.979, 1.647
 - 186.718, 0.4725
 - 0, 1.2825
