69.1808
 - 0, 130
175.221
 - 0, 482.676
233.51
 - 69.1808, 225.38
 - 0, 93.94
286.521
 - 175.221, 22
 - 69.1808, 24
 - 0, 210.904
412.037
 - 233.51, 90.64
 - 69.1808, 52
 - 0, 59.36
428.628
 - 69.1808, 100.19
 - 0, 50.37
539.207
 - 286.521, 47.5
 - 0, 27.404
581.799
 - 175.221, 52.8327
 - 0, 45.0812
760.39
 - 0, 67
776.053
 - 428.628, 15
 - 286.521, 22
 - 233.51, 24.242
 - 175.221, 48.692
860.94
 - 286.521, 19
 - 0, 41
943.756
 - 428.628, 33
 - 286.521, 50.6464
 - 233.51, 23
 - 69.1808, 25
7231.92
 - 943.756, 10.7
 - 860.94, 20.8
 - 776.053, 4.4
 - 760.39, 6.9
 - 581.799, 10.3
 - 539.207, 11.7
 - 428.628, 25.2
 - 412.037, 17.1
 - 233.51, 3.5
 - 69.1808, 94.17
 - 0, 1.3
