98.8839
 - 0, 4708.14
199.534
 - 98.8839, 985.12
 - 0, 503.5
211.406
 - 0, 1737
222.23
 - 98.8839, 596.7
 - 0, 105.6
239.268
 - 98.8839, 386.4
 - 0, 257.57
389.137
 - 98.8839, 379.9
419.704
 - 222.23, 87
 - 98.8839, 97.407
 - 0, 541.26
455.276
 - 239.268, 87.88
 - 211.406, 67.5
 - 199.534, 39
 - 98.8839, 66
507.92
 - 98.8839, 54
524.851
 - 239.268, 78.6
 - 211.406, 33
 - 98.8839, 72
 - 0, 186
590.902
 - 222.23, 171.404
 - 211.406, 46
 - 199.534, 29.8506
 - 0, 166.759
630.146
 - 222.23, 60
 - 211.406, 66
 - 98.8839, 40
 - 0, 11
664.207
 - 239.268, 18
 - 211.406, 40
 - 199.534, 60
739.548
 - 419.704, 81.76
 - 98.8839, 20
 - 0, 41
821.785
 - 389.137, 48
926.89
 - 239.268, 44
 - 211.406, 26
 - 0, 25
1122.6
 - 821.785, 263.552
1132.4
 - 739.548, 18
 - 239.268, 19
 - 98.8839, 29
1160.39
 - 739.548, 14
 - 524.851, 39
 - 455.276, 31
 - 211.406, 38
 - 98.8839, 86
