77.195
 - 0, 0.01
317.057
 - 77.195, 0.057
 - 0, 1.36
323.652
 - 77.195, 1.04
 - 0, 0.095
493.771
 - 0, 1.39
542.999
 - 317.057, 0.014
 - 77.195, 0.051
 - 0, 0.93
548.941
 - 493.771, 0.01
734.708
 - 548.941, 0.407
 - 542.999, 0.244
 - 317.057, 0.023
791.778
 - 323.652, 0.074
 - 317.057, 0.085
 - 77.195, 0.2
 - 0, 0.132
822.538
 - 317.057, 0.343
907.265
 - 317.057, 0.137
968.339
 - 542.999, 0.03
 - 323.652, 0.022
 - 0, 0.33
1070.13
 - 323.652, 0.153
 - 317.057, 0.176
1103.96
 - 493.771, 0.039
 - 323.652, 0.176
 - 0, 0.096
1159.38
 - 317.057, 0.099
 - 0, 0.083
1249.71
 - 542.999, 0.073
 - 0, 0.166
1396.32
 - 493.771, 0.082
 - 323.652, 0.085
1572.18
 - 1103.96, 0.074
 - 968.339, 0.006
 - 907.265, 0.1
 - 791.778, 0.176
 - 0, 0.052
1770.44
 - 323.652, 0.063
7584.36
 - 1770.44, 0.185
 - 1396.32, 0.068
 - 1249.71, 0.107
 - 1159.38, 0.065
 - 1103.96, 0.068
 - 822.538, 0.01
 - 791.778, 0.017
 - 734.708, 0.003
 - 542.999, 0.022
 - 493.771, 0.018
 - 323.652, 0.088
 - 317.057, 0.048
