262.79
 - 0, 3.2
576.24
 - 262.79, 0.38
 - 0, 2.4
761.42
 - 262.79, 0.26
 - 0, 0.45
803.4
 - 576.24, 0.81
 - 262.79, 2.6
 - 0, 0.62
1617.1
 - 576.24, 0.56
1812.09
 - 761.42, 2.1
 - 0, 10
1919.42
 - 262.79, 1.6
2087.65
 - 576.24, 0.7
2117.98
 - 0, 8.5
 - 0, 1.6
2352.21
 - 1617.1, 1
2485.9
 - 0, 0.47
 - 576.24, 1.5
2554.89
 - 1812.09, 0.44
6731.66
 - 2554.89, 0.32
 - 2485.9, 2
 - 2352.21, 2.1
 - 2117.98, 11
 - 2087.65, 3.8
 - 1919.42, 2
 - 1812.09, 9.4
 - 1617.1, 0.95
 - 803.4, 3.2
 - 262.79, 10.7
