803.04
 - 0, 76.6976
1340.46
 - 803.04, 17.7632
1466.8
 - 1340.46, 1.1872
 - 803.04, 31.6512
 - 0, 9.6096
1683.97
 - 1340.46, 0.8288
 - 803.04, 2.352
1704.45
 - 0, 11.6704
1784.09
 - 1466.8, 0.7168
 - 803.04, 3.0688
1997.65
 - 1683.97, 0.8736
 - 1340.46, 3.808
 - 803.04, 0.5152
2148.92
 - 1466.8, 0.6272
 - 1340.46, 0.6272
 - 803.04, 3.0688
2197.3
 - 1340.46, 0.3808
 - 803.04, 0.336
2236.49
 - 803.04, 1.7696
2423.35
 - 1784.09, 0.336
 - 1704.45, 3.3152
 - 1466.8, 1.4112
 - 1340.46, 0.5824
 - 803.04, 6.832
2646.9
 - 803.04, 0.56
2929.05
 - 1340.46, 4.704
3122.33
 - 1466.8, 0.3584
 - 803.04, 1.2992
3194.28
 - 803.04, 0.3808
 - 0, 0.5824
3453.4
 - 803.04, 0.336
3484.8
 - 1784.09, 0.336
 - 803.04, 0.6272
3606.27
 - 1784.09, 1.1872
4000.7
 - 2236.49, 0.3136
4115.9
 - 0, 0.6048
8086.65
 - 3606.27, 1.9488
 - 3484.8, 0.3808
 - 3194.28, 1.5904
 - 3122.33, 1.904
 - 2929.05, 3.9872
 - 2423.35, 11.6704
 - 2236.49, 0.7616
 - 2197.3, 0.2464
 - 2148.92, 3.8304
 - 1997.65, 4.4576
 - 1784.09, 2.2176
 - 1704.45, 7.8624
 - 1683.97, 0.6272
 - 1466.8, 42.224
 - 1340.46, 0.4928
 - 803.04, 2.7328
