54.546
 - 0, 17.629
93.62
 - 54.546, 3.663
335.928
 - 54.546, 0.6386
 - 0, 2.54716
371.17
 - 93.62, 0.567
 - 54.546, 1.34444
421.15
 - 93.62, 0.2907
 - 54.546, 0.1516
539.61
 - 0, 1.17264
572.7
 - 335.928, 0.127692
583.932
 - 0, 1.16994
586.135
 - 54.546, 0.768512
 - 0, 0.787238
611.476
 - 54.546, 0.88692
628.97
 - 93.62, 0.145152
 - 54.546, 0.15002
681.846
 - 0, 1.63118
711.19
 - 0, 0.09
713.72
 - 0, 0.902
721.84
 - 539.61, 0.10071
 - 93.62, 0.215418
 - 0, 0.17969
741.32
 - 539.61, 0.396
 - 371.17, 0.08
 - 0, 0.26
768.18
 - 335.928, 0.1134
769.6
 - 54.546, 0.5688
 - 0, 0.12
783.64
 - 371.17, 0.02
814.74
 - 0, 0.49
839.66
 - 0, 0.11
842.26
 - 611.476, 0.294
 - 583.932, 0.376
 - 371.17, 0.12
 - 335.928, 0.14
 - 0, 0.09
861.54
 - 0, 0.24
884.94
 - 335.928, 0.13
 - 54.546, 0.38
924.58
 - 539.61, 0.0889
 - 371.17, 0.14
 - 335.928, 0.2
947.2
 - 0, 0.08
968.1
 - 335.928, 0.10071
 - 54.546, 0.2
 - 0, 0.4
1013.1
 - 586.135, 0.08864
 - 0, 0.75
1031.6
 - 0, 0.09
1051.5
 - 0, 0.22
1151.72
 - 371.17, 0.09378
 - 54.546, 0.18
 - 0, 0.15
1171.2
 - 54.546, 0.18
1185.5
 - 335.928, 0.16
 - 93.62, 0.03
 - 0, 0.16
4786.39
 - 1185.5, 0.34
 - 1171.2, 0.32
 - 1151.72, 0.42
 - 1051.5, 0.73
 - 1031.6, 0.73
 - 947.2, 0.13
 - 924.58, 0.45
 - 839.66, 1.77
 - 814.74, 0.3
 - 769.6, 0.23
 - 741.32, 0.76
 - 713.72, 0.56
 - 681.846, 0.15
 - 611.476, 0.08
 - 583.932, 0.65
 - 572.7, 0.13
 - 539.61, 0.62
 - 335.928, 0.39
 - 0, 0.05
