185.715
 X 0, 20.0232
205.31
 X 0, 0.381045
221.398
 X 0, 28.416
240.881
 X 0, 6.37
247.583
 X 0, 0.18368
272.18
 X 0, 1.147
275.425
 X 0, 0.3434
301.744
 X 221.398, 0.2
 X 0, 0.71331
317.082
 - 240.881, 0.128
 X 0, 0.05169
351.511
 X 0, 0.038625
387.827
 - 205.31, 0.078
 - 185.715, 0.7413
554.651
 X 272.18, 2.2935
 X 247.583, 1.68754
 - 185.715, 0.841379
590.838
 - 301.744, 0.03
 - 205.31, 0.27055
 - 185.715, 1.173
593.617
 X 221.398, 0.654848
 - 185.715, 1.67045
595.974
 - 351.511, 0.0508368
 X 272.18, 0.278478
 X 221.398, 0.0644427
 - 205.31, 0.2057
 - 185.715, 0.107282
619.638
 - 317.082, 0.0549345
 - 301.744, 0.015
 X 221.398, 0.0744673
 - 185.715, 0.24852
623.937
 - 205.31, 0.012
 - 185.715, 0.025
629.342
 - 205.31, 0.43524
 - 185.715, 1.1844
 X 0, 0.09
634.044
 - 205.31, 0.023
 - 185.715, 0.02
655.981
 - 185.715, 0.046176
684.49
 - 205.31, 0.12792
 - 185.715, 1.51375
687.631
 X 272.18, 0.109026
 X 247.583, 0.121
 X 221.398, 0.67662
 X 0, 0.68407
709.099
 - 317.082, 0.048
 X 272.18, 0.28
 - 240.881, 0.0851
 X 221.398, 0.0595821
713.753
 - 387.827, 0.17
 X 272.18, 0.035
 - 185.715, 0.8267
720.298
 - 301.744, 0.012
 - 275.425, 0.0772152
 - 205.31, 0.52499
 - 185.715, 0.084636
735.263
 - 301.744, 0.143168
 X 272.18, 0.114736
 X 247.583, 0.0595821
793.026
 - 301.744, 0.35513
 X 272.18, 0.11067
 X 247.583, 0.025
 X 0, 0.115
808.507
 - 351.511, 0.115841
 - 301.744, 0.045
 X 272.18, 0.076
 X 247.583, 0.058
 X 221.398, 0.0920646
 X 0, 0.1
820.544
 - 317.082, 0.045
 X 247.583, 0.24
 X 221.398, 0.05
 X 0, 0.089
833.168
 X 593.617, 1.0284
 X 554.651, 0.028
 X 247.583, 0.111
 X 221.398, 0.093
839.304
 X 554.651, 0.028
 - 317.082, 0.105643
 X 272.18, 0.096
 X 221.398, 0.047
 X 0, 0.14095
867.03
 - 387.827, 0.125664
 - 185.715, 0.101472
875.549
 X 619.638, 0.031
 X 554.651, 0.15225
 X 0, 0.126
889.998
 - 275.425, 0.147959
 - 240.881, 0.112669
 X 221.398, 0.056862
914.904
 - 240.881, 0.05
 - 185.715, 0.085936
 X 0, 0.148
936.305
 X 593.617, 0.0396
 - 387.827, 0.089142
 - 317.082, 0.068
 - 185.715, 0.246353
 X 0, 0.23
960.807
 - 317.082, 0.037
 - 301.744, 0.04248
 X 272.18, 0.17884
 X 247.583, 0.213
 - 240.881, 0.037
 X 221.398, 0.139
 - 185.715, 0.052
1004.24
 - 240.881, 0.17088
1020.73
 - 684.49, 0.06027
 X 593.617, 0.138705
 X 247.583, 0.047
 X 221.398, 0.093
 - 185.715, 0.145411
1056.3
 X 272.18, 0.106
 X 247.583, 0.093
 X 221.398, 0.145411
1066.19
 - 317.082, 0.101792
 X 221.398, 0.042
 X 0, 0.077
1074.35
 X 590.838, 0.06648
 - 317.082, 0.048
 - 185.715, 0.068
1081.33
 X 593.617, 0.0595821
 X 590.838, 0.069597
 X 554.651, 0.039039
1086.81
 X 593.617, 0.0506485
 - 301.744, 0.104
 - 275.425, 0.385704
 X 272.18, 0.150204
1102.25
 X 713.753, 0.083
 - 684.49, 0.072414
 - 634.044, 0.0777
 X 619.638, 0.026
 - 317.082, 0.104
 - 240.881, 0.042
1133.81
 - 317.082, 0.07
 X 272.18, 0.042
 X 247.583, 0.059
1159.75
 X 713.753, 0.15755
 - 240.881, 0.098393
 - 185.715, 0.059
1173
 X 713.753, 0.058144
 - 684.49, 0.023
 - 629.342, 0.0385341
 - 387.827, 0.104
