133.799
 - 0, 66.9192
145.767
 - 133.799, 32
169.089
 - 0, 0.44772
193.985
 - 145.767, 13
 - 133.799, 420.001
292.587
 - 0, 0.59696
539.283
 - 0, 3.73665
687.854
 - 145.767, 0.89544
 - 133.799, 3.77074
 - 0, 1.04468
715.835
 - 193.985, 2.72363
 - 133.799, 0.59696
 - 0, 0.82082
726.108
 - 145.767, 1.60433
 - 133.799, 1.67895
734.65
 - 145.767, 0.89544
739.38
 - 145.767, 4.02948
 - 133.799, 1.97743
746.054
 - 193.985, 7.80897
 - 145.767, 1.1193
 - 133.799, 8.5813
757.151
 - 193.985, 0.52234
 - 145.767, 0.52234
784.273
 - 145.767, 1.52971
815.155
 - 687.854, 0.369369
 - 145.767, 0.145509
 - 133.799, 0.44772
823.708
 - 193.985, 2.72363
 - 133.799, 1.60433
853.23
 - 0, 2.05205
893.3
 - 0, 0.59696
932.9
 - 145.767, 0.7462
 - 133.799, 2.94749
961.85
 - 193.985, 0.7462
 - 133.799, 0.89544
965.637
 - 145.767, 0.3731
 - 133.799, 1.97743
988.2
 - 193.985, 0.7462
 - 145.767, 0.89544
990.495
 - 539.283, 0.3731
 - 0, 0.3731
1062.48
 - 0, 0.294749
1066.81
 - 0, 1.1193
1149.7
 - 0, 0.3731
1152.8
 - 145.767, 0.294749
 - 0, 0.3731
1155.05
 - 193.985, 0.145509
 - 133.799, 0.294749
 - 0, 0.3731
1167.02
 - 145.767, 0.294749
 - 0, 0.7462
1194.63
 - 715.835, 0.44772
 - 145.767, 0.44772
 - 133.799, 0.59696
1201.02
 - 193.985, 0.294749
1223.31
 - 687.854, 1.04468
 - 193.985, 1.38047
 - 133.799, 0.538689
1241.96
 - 687.854, 1.0562
1306.22
 - 715.835, 1.26854
1360.97
 - 823.708, 0.294749
4806.45
 - 1360.97, 0.167895
 - 1306.22, 0.0320866
 - 1241.96, 0.156702
 - 1223.31, 0.0197743
 - 1194.63, 0.544726
 - 1167.02, 0.458167
 - 1155.05, 0.259304
 - 1152.8, 0.0738738
 - 1149.7, 0.0052234
 - 1066.81, 0.142897
 - 1062.48, 0.0052234
 - 990.495, 0.0626808
 - 988.2, 0.0477568
 - 965.637, 0.0753662
 - 961.85, 0.253708
 - 932.9, 0.0999908
 - 893.3, 0.0029848
 - 853.23, 0.0194012
 - 823.708, 0.966329
 - 815.155, 0.899171
 - 757.151, 0.011193
 - 746.054, 6.93966
 - 739.38, 0.272363
 - 734.65, 0.0052234
 - 726.108, 0.0462644
 - 715.835, 0.0552188
 - 687.854, 0.055965
 - 193.985, 0.11678
 - 145.767, 0.1276
 - 133.799, 0.0440258
 - 0, 0.0052234
