129.301
 - 0, 4.11825
171.39
 - 129.301, 0.03
 - 0, 0.02283
225.418
 - 171.39, 0.288
332.841
 - 171.39, 1.0005
 - 129.301, 2.0145
 - 0, 0.464085
367.074
 - 225.418, 0.1844
 - 171.39, 0.344
 - 129.301, 0.0873
 - 0, 0.11
393.214
 - 129.301, 0.38848
426.742
 - 129.301, 0.06078
445.747
 - 171.39, 0.04564
 - 129.301, 0.4849
 - 0, 0.203396
474.301
 - 129.301, 0.1682
633.089
 - 0, 2.2642
637.791
 - 426.742, 0.021738
 - 393.214, 0.04248
 - 0, 3.59555
664.539
 - 0, 0.594558
761.018
 - 637.791, 0.025
 - 0, 0.1
769.25
 - 129.301, 0.23
805.649
 - 633.089, 0.171
 - 426.742, 0.1
 - 393.214, 0.24
 - 0, 0.355911
821.24
 - 0, 0.12
843.865
 - 129.301, 0.44946
865.207
 - 171.39, 0.255725
 - 129.301, 0.4192
891.94
 - 171.39, 0.08
 - 129.301, 0.04
905.272
 - 225.418, 0.153585
 - 171.39, 0.141583
 - 129.301, 0.72
 - 129.301, 0.28
990.247
 - 865.207, 0.07782
 - 761.018, 0.156
1038.37
 - 474.301, 0.0944
 - 426.742, 0.1
1057.24
 - 225.418, 0.35
 - 171.39, 0.02
 - 129.301, 0.12
 - 0, 0.17
1116.21
 - 171.39, 0.12
 - 129.301, 0.35
1142.63
 - 664.539, 0.46116
 - 637.791, 0.42826
1157.64
 - 129.301, 0.02
 - 0, 0.09
1242.9
 - 393.214, 0.08
1321.4
 - 474.301, 0.0604713
 - 426.742, 0.04
 - 171.39, 0.03
1396.4
 - 0, 0.1
1412.91
 - 393.214, 0.18
 - 129.301, 0.25
1483.6
 - 474.301, 0.1
 - 129.301, 0.19
5297.65
 - 1142.63, 0.95
 - 891.94, 0.1
 - 865.207, 0.068
 - 805.649, 0.09
 - 761.018, 0.11
 - 637.791, 0.018
 - 393.214, 0.02
