26.427
 - 0, 34.736
62.33
 - 26.427, 1.46714
 - 0, 1.8084
86.674
 - 62.33, 2.0928
 - 26.427, 16.66
 - 0, 20.585
106.164
 - 62.33, 4.9725
 - 26.427, 1.032
121.645
 - 86.674, 10.7994
 - 62.33, 0.20008
 - 26.427, 0.3174
 - 0, 0.61952
136.044
 - 86.674, 15.5974
 - 62.33, 0.62965
 - 26.427, 1.0296
 - 0, 0.84796
165.59
 - 121.645, 4.002
179.156
 - 136.044, 2.904
 - 86.674, 0.219906
 - 26.427, 0.33
182.878
 - 136.044, 6.327
 - 26.427, 4.98463
 - 0, 15.6222
215.521
 - 182.878, 3.5724
 - 136.044, 7.259
 - 62.33, 0.51041
 - 26.427, 0.490424
 - 0, 0.878607
217.949
 - 182.878, 15.6981
 - 0, 2.314
218.57
 - 165.59, 1.1919
232.823
 - 179.156, 1.8734
 - 136.044, 0.58971
 - 121.645, 0.19
243.959
 - 0, 10.368
250.385
 - 26.427, 0.312504
 - 0, 0.434682
258.855
 - 215.521, 0.7222
 - 182.878, 0.34496
 - 136.044, 0.27417
 - 106.164, 0.33
 - 26.427, 0.310648
275.515
 - 121.645, 0.45
277.642
 - 26.427, 0.205808
 - 0, 0.25
298.368
 - 243.959, 1.052
 - 62.33, 1.9093
 - 26.427, 1.07228
 - 0, 0.118216
299.789
 - 182.878, 0.4047
312.707
 - 258.855, 0.731
 - 215.521, 0.9647
 - 136.044, 0.17
 - 62.33, 0.41
315.068
 - 232.823, 0.7581
 - 179.156, 0.2
 - 136.044, 0.19
324.314
 - 215.521, 0.45
325.21
 - 217.949, 3.367
 - 182.878, 0.44
342.396
 - 275.515, 0.31464
 - 232.823, 0.32
 - 179.156, 0.8008
352.46
 - 299.789, 0.0035
 - 258.855, 0.19
367.26
 - 182.878, 0.24
373.684
 - 325.21, 0.48063
 - 217.949, 0.22
380.6
 - 250.385, 1.375
395.198
 - 106.164, 0.2832
 - 62.33, 0.27696
417.639
 - 121.645, 0.76104
 - 86.674, 0.29
 - 26.427, 0.4625
 - 0, 0.031
433.719
 - 258.855, 0.170625
 - 215.521, 0.28
 - 136.044, 0.68706
442.24
 - 367.26, 0.27
473.3
 - 179.156, 0.45276
497.2
 - 215.521, 0.2655
 - 182.878, 0.209
523.87
 - 165.59, 0.34
 - 106.164, 0.031
 - 62.33, 0.4356
 - 26.427, 0.43
529.857
 - 312.707, 0.4767
 - 215.521, 0.209
 - 182.878, 0.1683
543.23
 - 232.823, 0.015976
 - 179.156, 0.09
567.021
 - 232.823, 0.308907
 - 215.521, 0.382398
 - 182.878, 0.25594
 - 136.044, 0.819
646.76
 - 62.33, 0.4
 - 26.427, 0.68859
 - 0, 0.572
