41.9722
 - 0, 15.0964
95.7795
 - 41.9722, 3.9302
 - 0, 0.2639
161.315
 - 95.7795, 4.592
161.685
 - 0, 60.8872
170.94
 - 0, 2.55528
175.052
 - 95.7795, 0.161
 - 41.9722, 1.37196
 - 0, 2.24802
222.988
 - 170.94, 5.4702
 - 161.685, 14.651
 - 41.9722, 1.4425
 - 0, 0.39564
231.934
 - 175.052, 0.30822
 - 95.7795, 0.111
 - 41.9722, 0.0872
 - 0, 0.00176646
244.889
 - 170.94, 3.7128
 - 95.7795, 0.3318
 - 41.9722, 0.14508
337.136
 - 222.988, 0.92635
 - 95.7795, 0.0962
404.453
 - 95.7795, 0.522567
 - 41.9722, 1.30608
408.899
 - 175.052, 0.1297
 - 95.7795, 0.114147
 - 41.9722, 0.379953
518.812
 - 41.9722, 1.05644
 - 0, 3.25301
534.202
 - 175.052, 0.05058
561.421
 - 95.7795, 0.287
 - 41.9722, 0.53
 - 0, 0.365
614.836
 - 41.9722, 0.134
755.174
 - 161.685, 3.2022
 - 0, 0.592412
769.27
 - 170.94, 2.53563
 - 161.685, 1.58557
779.15
 - 222.988, 2.98457
 - 170.94, 0.441326
 - 161.685, 2.19088
784.153
 - 222.988, 2.6775
 - 161.685, 0.21698
 - 0, 0.528256
800.443
 - 161.685, 1.20201
 - 41.9722, 0.4
 - 0, 0.767
800.479
 - 170.94, 1.68072
 - 95.7795, 0.0952971
 - 41.9722, 0.4
 - 0, 0.767
810.945
 - 244.889, 1.18327
 - 222.988, 0.100044
 - 170.94, 1.1099
831.587
 - 244.889, 0.114945
 - 222.988, 0.432818
 - 170.94, 0.65726
 - 41.9722, 0.233042
833.4
 - 337.136, 0.505281
834.839
 - 0, 0.53448
841.957
 - 784.153, 0.10263
 - 755.174, 0.159594
 - 170.94, 0.305497
 - 161.685, 0.379023
850.539
 - 779.15, 0.7014
 - 755.174, 0.0885115
 - 222.988, 1.34746
 - 161.685, 0.683322
869.383
 - 800.479, 0.5539
 - 95.7795, 0.20685
897.503
 - 170.94, 0.18
940.311
 - 755.174, 0.004
 - 175.052, 0.212
 - 0, 2.28072
942.584
 - 755.174, 0.1512
 - 170.94, 0.16688
 - 161.685, 2.0368
 - 0, 0.49
964.94
 - 769.27, 0.18734
 - 170.94, 1.08656
 - 161.685, 0.586469
995.603
 - 222.988, 0.493126
 - 161.685, 0.814512
1009.44
 - 769.27, 0.1252
 - 518.812, 0.23552
 - 222.988, 0.493028
1090.02
 - 850.539, 0.17215
 - 841.957, 0.2204
 - 769.27, 0.10752
1223.84
 - 779.15, 0.128293
 - 170.94, 0.823034
1253.79
 - 850.539, 0.069357
 - 170.94, 0.622189
 - 161.685, 0.883062
1296.7
 - 800.479, 0.505281
 - 518.812, 0.13992
1357.68
 - 841.957, 0.11716
 - 755.174, 0.253
