44.093
 - 0, 7853.5
52.714
 - 0, 11488
75.82
 - 0, 8304.46
99.285
 - 0, 580.686
149.707
 - 75.82, 145
 - 52.714, 1630.72
168.387
 - 99.285, 69
 - 75.82, 1717
200.581
 - 168.387, 189
 - 75.82, 187
 - 52.714, 567.6
230.527
 - 75.82, 4275.17
 - 44.093, 3680.07
244.381
 - 149.707, 1502.9
 - 52.714, 3375.42
269.854
 - 230.527, 147.1
274.33
 - 75.82, 951.08
 - 44.093, 1480.81
 - 0, 2636.56
289.028
 - 200.581, 156.8
 - 75.82, 411.08
292.831
 - 244.381, 2
 - 75.82, 325.23
 - 52.714, 263.78
296.401
 - 244.381, 151
 - 75.82, 534.48
 - 52.714, 380.7
 - 0, 377.58
311.832
 - 269.854, 5410
 - 230.527, 2091.6
 - 99.285, 376.2
327.884
 - 149.707, 191.1
 - 75.82, 177.021
330.74
 - 292.831, 12150
 - 289.028, 2662
 - 244.381, 124
 - 52.714, 172
330.837
 - 296.401, 118.4
 - 292.831, 6966
 - 274.33, 3341
341.593
 - 230.527, 483.32
 - 0, 123
342.805
 - 311.832, 281
 - 149.707, 180.136
355.715
 - 327.884, 1796.76
 - 292.831, 741
 - 244.381, 984.856
363.434
 - 311.832, 210
364.658
 - 341.593, 0.2
 - 269.854, 1868.4
 - 230.527, 911.2
369.207
 - 296.401, 85.25
 - 274.33, 1782
372.49
 - 330.74, 2662
 - 296.401, 3912.2
 - 200.581, 424.8
 - 149.707, 49
 - 75.82, 115
 - 52.714, 135.88
373.686
 - 327.884, 690.99
 - 292.831, 1896
376.947
 - 292.831, 1227.4
 - 244.381, 1135.25
388.112
 - 292.831, 219.146
 - 244.381, 150
397.147
 - 363.434, 186
 - 327.884, 992
400.521
 - 330.74, 4351.6
 - 75.82, 226.38
405.88
 - 373.686, 189
 - 327.884, 44
 - 244.381, 120
405.933
 - 372.49, 509.625
 - 355.715, 45.3
417.746
 - 269.854, 567.6
418.084
 - 327.884, 495.9
 - 289.028, 2914
 - 244.381, 61.2
419.085
 - 388.112, 281
 - 372.49, 0.55
 - 330.74, 44
 - 327.884, 660
 - 52.714, 170.041
420.651
 - 388.112, 521
 - 376.947, 6
 - 363.434, 11660
442.385
 - 405.933, 43086
 - 376.947, 25
 - 373.686, 175
446.702
 - 372.49, 5.3
 - 355.715, 138.508
 - 149.707, 153
455.688
 - 330.74, 121
 - 296.401, 216
457.09
 - 418.084, 3.8
 - 388.112, 32
 - 373.686, 67
 - 289.028, 24.2781
464.362
 - 388.112, 244.4
 - 330.74, 77
 - 289.028, 223.8
 - 269.854, 2393.38
 - 168.387, 223
 - 149.707, 113.52
483.64
 - 418.084, 194.67
495.721
 - 419.085, 32
 - 405.933, 1864
 - 373.686, 146.596
501.569
 - 455.688, 690.99
 - 419.085, 3486
 - 289.028, 376.2
502.04
 - 341.593, 43
 - 230.527, 240
506.648
 - 419.085, 154
 - 400.521, 374
 - 269.854, 295.16
506.964
 - 420.651, 124
 - 417.746, 1862.5
 - 364.658, 626.4
 - 355.715, 103
528.545
 - 442.385, 87
 - 364.658, 229.5
 - 363.434, 220
533.815
 - 464.362, 918
 - 400.521, 518
544.756
 - 501.569, 15
 - 464.362, 652.8
 - 455.688, 1243.2
 - 400.521, 89
 - 342.805, 135.15
559.79
 - 446.702, 750.5
 - 419.085, 64
 - 400.521, 216
568.215
 - 483.64, 65
 - 442.385, 1194
 - 418.084, 1074.2
 - 376.947, 1919.69
574.089
 - 544.756, 30
 - 397.147, 258
596.425
 - 501.569, 1782
 - 446.702, 904.54
 - 397.147, 483.55
603.889
 - 418.084, 237.66
 - 417.746, 539
 - 269.854, 137.7
612.758
 - 559.79, 4032
 - 533.815, 2867.4
 - 506.648, 1196.8
 - 419.085, 327.796
 - 296.401, 172.2
 - 292.831, 106.4
 - 244.381, 137.28
 - 230.527, 184.37
621.527
 - 596.425, 0.1
 - 533.815, 675
 - 455.688, 333.9
 - 230.527, 126
628.523
 - 483.64, 1024.1
 - 373.686, 327.5
 - 372.49, 213.12
630.291
 - 596.425, 0.6
 - 533.815, 1623.36
 - 446.702, 327.6
672.248
 - 596.425, 8304.46
 - 574.089, 745.78
 - 397.147, 423.099
675.482
 - 603.889, 1526.04
 - 506.964, 795.6
 - 420.651, 327.5
 - 397.147, 208.93
681.894
 - 603.889, 44
 - 568.215, 792.68
 - 544.756, 246.15
704.03
 - 621.527, 83
 - 559.79, 89
 - 501.569, 161.336
 - 327.884, 207.36
710.389
 - 628.523, 414.46
 - 621.527, 1183.2
 - 574.089, 448
712.442
 - 628.523, 2407
 - 574.089, 576.7
 - 419.085, 152.68
 - 327.884, 148
731.225
 - 628.523, 201.6
 - 596.425, 159
 - 418.084, 118.32
873.996
 - 681.894, 626.02
 - 630.291, 380.7
 - 559.79, 125.433
 - 289.028, 203
 - 274.33, 180.405
 - 244.381, 440
902.494
 - 710.389, 626.02
 - 672.248, 1480.81
 - 574.089, 304.567
 - 244.381, 408
906.499
 - 873.996, 521
 - 704.03, 161.336
 - 455.688, 130.56
949.66
 - 906.499, 15
 - 873.996, 6534.7
1002.62
 - 949.66, 4032
 - 906.499, 2795.43
1161.97
 - 906.499, 135.24
 - 710.389, 84.6351
 - 544.756, 119.473
