207.996
 - 0, 1.58
242.007
 - 0, 0.28
470.211
 - 0, 3
494.486
 - 0, 2.7
529.633
 - 207.996, 0.37
546.857
 - 470.211, 0.63
 - 207.996, 0.41
772.75
 - 546.857, 0.42
 - 494.486, 0.32
 - 470.211, 0.9
 - 242.007, 1
 - 0, 1.2
818.888
 - 546.857, 0.22
 - 470.211, 0.72
858.976
 - 546.857, 0.53
917.56
 - 494.486, 0.74
 - 470.211, 0.44
963.12
 - 0, 0.8
971.177
 - 529.633, 0.28
1047.82
 - 971.177, 0.63
 - 963.12, 0.64
 - 917.56, 1.5
 - 818.888, 0.31
1153.36
 - 971.177, 0.3
 - 546.857, 0.3
 - 470.211, 0.3
1175.9
 - 470.211, 1
 - 207.996, 1.5
 - 0, 2.1
1269.31
 - 0, 3.8
4713.46
 - 1269.31, 7.3
 - 1175.9, 10
 - 1153.36, 3.6
 - 0, 2.95
 - 963.12, 6.2
 - 917.56, 2.12
 - 858.976, 0.55
 - 494.486, 5.71
 - 470.211, 3.52
 - 207.996, 1.24
 - 0, 0.86
